1204
315
723
576
766
856
546
804
482
618
728
881
412
741
614
366
487
910
51
157
965
497
256
776
225
782
941
561
596
535
450
675
196
410
22
308
439
247
175
903
23
177
406
515
92
308
488
782
756
442
115
863
579
285
959
230
922
364
848
852
505
751
557
89
709
928
434
41
576
463
590
742
283
964
572
813
715
754
929
552
782
984
538
414
165
55
371
516
215
11
823
66
713
625
523
358
255
61
953
48
761
352
278
610
950
475
466
686
201
215
274
53
862
608
239
635
59
574
949
980
278
713
347
980
339
599
37
297
466
759
659
169
10
66
663
907
687
127
41
775
501
435
259
612
962
379
155
78
421
681
548
612
496
616
147
402
94
184
650
675
950
127
415
204
162
366
106
680
600
95
569
520
854
927
787
135
331
976
78
94
770
755
496
516
766
319
40
867
820
428
851
603
290
726
870
752
883
83
598
626
840
171
104
320
398
346
698
940
657
70
510
228
684
545
986
446
422
646
321
176
411
523
63
307
816
571
686
374
732
816
300
553
998
907
25
376
859
580
233
459
141
23
813
592
170
572
146
264
313
341
142
625
660
662
110
193
830
366
850
661
92
543
771
381
108
775
953
616
22
661
263
6
421
114
827
25
523
733
502
250
727
837
136
310
416
875
449
13
78
271
360
238
709
776
43
981
248
168
67
999
104
157
365
307
114
384
711
632
401
691
753
798
696
788
23
286
421
36
8
169
814
367
536
457
685
633
245
33
172
237
324
214
607
476
282
434
115
487
177
781
354
718
528
178
996
4
770
410
244
88
809
939
272
189
947
934
182
772
441
635
142
750
6
213
164
795
158
877
994
73
186
335
992
622
94
543
611
52
665
730
581
512
119
484
122
728
248
780
790
151
398
529
864
235
873
515
767
201
538
466
294
477
786
191
513
819
880
460
732
884
780
397
184
394
295
611
317
666
575
140
623
876
748
804
784
372
771
297
464
246
901
450
839
723
271
205
782
494
24
843
65
677
437
220
701
592
403
473
249
371
153
654
455
283
292
731
863
834
103
303
967
394
360
188
356
523
260
801
183
974
526
17
521
293
809
342
372
104
675
406
287
201
990
225
887
82
533
160
965
675
979
309
44
878
499
457
855
582
614
362
533
355
88
889
987
54
554
637
261
700
974
89
541
366
108
486
111
291
839
121
2
713
135
282
591
768
764
377
319
987
287
305
702
37
281
313
97
199
416
471
560
220
100
852
100
368
318
637
679
764
283
222
558
147
555
759
328
210
541
716
171
50
247
541
387
796
142
722
921
960
385
245
821
342
254
668
28
865
745
301
503
127
337
24
729
170
777
235
870
883
614
121
348
771
477
247
716
945
578
732
813
954
776
854
420
52
340
860
596
432
536
207
855
147
104
663
587
892
582
240
891
75
934
889
227
374
817
863
336
634
426
70
795
787
914
691
92
940
356
394
54
638
152
507
63
593
160
691
876
883
380
563
422
914
389
427
694
235
820
325
561
785
232
809
636
989
682
180
935
600
544
423
161
969
307
920
119
839
714
3
155
165
522
495
854
529
500
25
846
187
357
600
758
461
868
205
616
311
741
240
403
767
240
139
885
371
265
896
838
335
141
449
122
916
217
818
709
423
955
385
523
285
853
617
191
263
445
393
455
657
541
288
778
714
483
453
633
707
841
376
94
832
218
682
288
72
689
349
329
404
376
323
773
505
283
336
411
93
939
854
850
923
850
4
466
247
714
86
863
833
403
339
190
154
656
777
68
951
176
168
883
352
558
769
620
279
104
516
404
697
31
252
471
926
915
100
700
320
540
710
933
757
800
255
485
733
335
684
624
867
776
82
436
219
922
297
64
727
859
110
673
889
32
827
503
168
840
15
609
652
505
340
253
712
967
629
701
1
768
772
626
50
297
165
642
261
62
899
617
890
108
102
385
791
423
2
801
611
978
454
607
803
18
105
133
848
393
925
148
767
171
216
187
422
634
518
518
343
274
913
463
566
500
507
533
131
387
314
735
670
232
153
775
405
190
317
166
775
813
406
268
142
391
913
396
358
931
976
136
96
717
553
298
941
626
71
470
635
973
178
416
450
523
575
249
627
534
399
153
324
515
833
555
310
444
567
83
459
189
633
464
528
487
684
794
191
471
799
370
945
164
123
628
973
90
681
61
243
729
888
100
711
340
229
402
759
283
298
57
475
120
618
62
415
617
817
830
642
730
198
74
931
344
861
666
257
190
998
299
871
623
736
528
145
912
348
25
585
259
105
102
616
290
554
82
910
770
809
264
847
956
338
710
843
602
216
804
236
165
248
411
126
465
7
933
288
637
972
768
653
124
637
442
545
750
794
804
163
779
932
462
47
412
716
534
355
288
768
74
949
741
644
483
958
710
149
567
201
335
653
349
614
633
490
564
472
643
338
234
169
450
627
162
491
326
631
576
700
59
350
920
789
360
240
394
194
873
425
182
7
212
795
999
399
325
290
593
900
299
290
362
365
975
633
34
546
504
508
634
33
48
498
478
630
748
498
554
956
654
606
501
151
778
349
848
861
530
569
949
351
546
701
376
171
139
788
718
399
112
329
872
525
522
634
534
426
988
540
363
429
365
997
772
87
457
483
560
950
735
504
47
801
424
594
546
652
412
412
374
889
541
87
672
554
440
334
799
457
935
596
428
251
871
165
67
40
74
247
7
308
444
767
662
299
302
179
817
486
285
323
522
696
583
886
699
487
387
365
579
307
309
10
567
448
52
943
818
843
620
799
804
262
482
757
164
196
19
237
413
115
795
367
274
500
431
709
289
380
426
528
72
96
535
543
643
571
339
427
584
863
792
483
545
828
456
675
743
684
48
971
766
362
537
352
333
894
981
957
754
745
405
655
768
321
669
603
655
20
484
441
751
76
149
989
564
15
991
449
24
259
332
691
748
811
116
656
765
468
759
142
686
15
261
306
817
12
702
406
653
259
720
608
294
226
187
115
871
445
262
38
384
257
376
358
279
199
694
613
992
888
464
655
581
309
177
304
428
275
258
888
355
833
598
513
84
433
571
614
520
504
998
131
629
318
459
812
719
948
215
359
800
961
957
769
215
506
658
970
937
53
434
560
763
44
223
539
50
354
597
813
9
495
942
216
624
155
958
541
868
476
405
992
795
727
504
404
572
104
688
424
272
59
189
582
547
886
714
800
249
716
32
921
272
178
390
972
593
551
416
608
806
118
547
406
715
835
73
824
612
823
873
745
954
915
652
764
892
38
511
438
559
855
508
330
62
233
191
416
120
362
313
797
589
362
935
226
350
3
263
244
270
605
303
278
629
479
886
256
958
868
535
93
757
875
594
8
267
565
209
756
149
516
298
702
944
224
953
107
925
25
842
457
228
316
618
166
1
213
124
163
113
969
794
903
676
720
257
106
55
765
90
768
216
13
418
561
649
105
465
434
416
996
747
902
373
506
241
515
440
655
460
396
701
83
79
34
274
175
633
353
802
880
573
419
681
158
122
799
918
859
656
391
999
620
314
669
568
953
916
459
601
645
233
52
346
180
966
382
104
327
563
660
628
112
103
246
32
862
793
647
409
568
494
122
370
369
813
188
887
817
868
399
804
629
105
571
808
915
816
645
846
568
983
285
93
653
986
744
885
805
215
523
592
463
498
570
121
324
919
75
448
784
176
462
657
593
748
41
895
632
772
245
468
130
300
898
37
613
542
443
911
275
110
721
77
768
204
408
436
636
237
292
508
927
169
41
663
591
931
965
623
667
298
102
602
317
786
283
972
562
106
133
912
864
363
881
518
628
701
572
627
225
241
445
603
311
958
96
152
753
589
192
216
973
339
938
471
505
418
874
154
523
102
102
510
5
960
828
244
106
860
29
294
155
643
22
246
383
744
242
346
278
363
450
642
493
695
431
357
375
571
213
350
672
435
903
227
665
892
962
95
257
338
476
932
258
482
393
155
583
438
432
527
207
756
114
844
395
413
294
203
678
22
725
770
945
864
584
637
419
248
635
351
827
110
872
399
974
38
572
795
807
577
114
333
114
744
441
976
463
93
502
8
6
250
17
597
430
630
225
446
150
51
542
340
711
401
443
374
512
688
687
838
104
407
696
765
185
168
335
468
241
120
297
134
23
599
274
990
904
292
866
948
39
262
724
526
566
754
907
896
223
47
516
932
977
35
921
416
907
803
811
890
961
661
877
835
930
118
328
622
366
195
114
800
879
472
941
653
430
729
785
135
691
828
713
237
921
43
958
4
304
594
766
392
776
205
10
889
765
255
890
838
735
698
305
250
231
209
761
441
569
439
788
545
412
446
47
585
818
335
543
842
776
116
744
495
293
719
193
502
410
89
90
260
158
249
273
906
30
402
167
818
702
11
197
15
114
950
701
87
772
368
907
298
491
650
168
304
576
27
186
171
512
940
629
953
696
545
880
968
748
379
791
456
237
430
252
722
438
91
973
529
573
845
11
404
762
875
575
289
377
202
245
289
863
457
166
725
870
833
487
764
929
171
843
234
270
391
992
968
255
253
36
974
471
558
615
16
132
640
917
739
368
868
889
70
24
527
163
593
657
914
949
910
957
442
481
778
818
143
419
418
813
757
485
693
401
548
206
582
521
192
26
382
982
432
903
91
857
134
269
83
952
835
387
454
753
793
442
918
656
789
330
560
664
322
254
168
754
175
537
678
921
947
77
922
266
86
335
56
372
967
244
396
107
733
721
500
612
223
712
378
24
10
200
69
160
621
845
814
392
703
860
258
663
271
28
807
728
725
808
882
263
12
930
759
831
744
830
900
588
38
602
813
291
976
582
821
203
486
439
393
514
187
707
108
487
621
996
658
123
986
549
134
79
850
150
850
92
777
79
625
948
329
166
246
956
26
576
35
190
705
530
857
680
713
901
650
438
836
818
184
360
87
515
147
860
344
485
493
681
249
335
438
520
610
396
918
571
552
792
102
882
431
492
469
466
528
954
739
212
291
135
480
471
332
699
746
653
365
809
960
502
166
879
474
974
359
45
316
951
305
373
46
383
24
231
45
871
706
450
864
457
572
505
962
823
688
395
690
155
297
681
308
258
666
598
573
95
33
16
481
945
935
536
828
444
589
266
114
233
141
509
144
628
238
946
63
209
181
509
140
406
195
421
144
846
475
379
440
851
64
133
236
129
377
335
576
930
972
342
596
845
627
396
939
902
824
393
230
524
962
248
191
629
165
966
93
730
147
25
250
553
92
748
189
110
230
364
584
121
694
193
122
270
778
605
706
263
380
321
6
125
571
625
981
242
98
333
360
333
812
162
269
61
269
993
616
590
551
409
323
173
876
98
803
778
373
878
856
634
156
488
187
490
177
378
165
867
120
112
155
944
869
518
419
801
652
378
853
749
570
65
866
625
131
650
806
322
962
260
21
44
803
873
663
769
609
215
211
144
902
555
396
107
797
572
182
