324
10707
5494
1914
1708
3321
6804
5143
6321
1809
8320
1122
216
2100
4740
11826
1450
540
616
3475
3725
31280
1508
900
8528
2944
92
456
5402
6237
1612
7896
303
3441
3905
6498
5022
8918
1107
8442
1088
20020
664
2380
2842
3332
1764
11625
4110
6732
8880
520
3996
12225
6439
22712
4880
18144
84
3784
9006
3870
930
1675
2968
10956
50
1003
19511
390
3496
522
994
860
2619
2750
1232
12852
5778
11408
3772
338
166
5518
406
2336
1566
1271
15159
120
15476
1869
924
9152
5865
2052
4558
725
9408
1462
5148
783
13671
2263
14630
1472
9796
1944
8536
10455
2565
6624
8965
90
4620
5310
2419
6390
0
828
13566
9828
0
6765
1856
2106
5640
10682
3151
9828
10726
441
1390
798
1767
1404
385
5928
5830
9737
2976
3502
738
1156
1121
6762
4872
17666
7524
1369
882
9102
2380
8932
102
6840
5063
7320
1560
8580
264
12150
530
2016
133
160
2090
1836
3850
2992
550
1683
390
4620
4462
5915
2392
1242
1692
575
4830
20988
847
4150
3401
4556
4949
5043
420
713
1817
2491
3828
444
3363
8046
2040
160
3080
3850
1924
4872
4150
407
11625
5115
1888
21824
783
330
14000
5060
442
123
2889
2584
4664
19519
3744
2352
1056
1650
23368
2520
670
350
14256
7533
720
0
8050
6536
975
8085
7824
492
8733
10541
876
584
9856
2472
891
4650
30481
1020
130
590
1800
9384
2610
4402
7245
4446
1386
2780
387
7458
16830
12100
11172
244
6156
3960
1106
574
117
1560
15010
2813
7030
390
10416
220
2478
684
1820
14659
1806
392
256
5037
10440
258
1860
592
2340
8307
59
1207
552
0
6213
11618
528
332
222
4606
1937
11466
12580
4982
1848
72
580
3840
3960
792
2525
7191
1236
284
6552
992
920
16240
1440
2970
6072
708
2600
228
675
7565
520
9514
5536
9975
3392
4020
1767
318
511
371
8544
3220
13113
15232
4131
18530
2304
893
3395
5229
354
8820
3660
7800
13440
5292
1786
9794
2775
399
5880
1196
925
868
47
1804
255
4690
2376
3842
9750
13970
3397
2397
2040
3397
598
15730
918
4071
1560
20
3
1936
1617
0
7320
4256
1107
2697
2898
8600
4758
1309
13870
819
2352
165
1260
1980
275
13530
4332
1440
2499
1856
10920
2499
1512
21684
12640
889
6048
6952
5125
884
4560
1827
310
13230
3960
2520
7878
841
5445
2220
630
1530
744
988
396
18189
1098
3999
116
2640
600
3195
6784
16848
7171
70
6942
2781
1876
6384
6656
390
13216
1313
2700
1950
3712
5301
12390
5520
99
4600
3036
8526
5772
168
9540
3840
4556
8375
1840
13916
216
850
3657
4752
825
8400
6956
2880
10285
2048
230
3026
198
7150
1144
7240
372
170
1512
390
1813
2478
441
96
342
147
588
1664
416
576
7990
1938
1008
6120
4760
316
2378
6732
371
3410
2697
0
1251
252
715
20400
4851
1518
21594
670
2964
1240
24534
388
0
500
278
6270
2187
2366
1316
3926
318
1768
360
480
3535
324
2058
3507
4646
1881
4081
390
7050
7656
84
7546
4080
3808
1216
13289
3458
4930
1120
3381
6786
528
10403
378
784
1088
472
27
885
7910
1510
1476
4047
960
1953
5628
20265
2512
38
12
2320
380
4224
2240
1311
13464
6496
4240
7860
3255
18685
4736
6068
784
8340
11760
1404
9815
540
174
264
1776
11297
1184
3850
2882
864
1408
4200
2520
1863
1900
640
1140
600
2240
6042
2268
180
7110
4312
2132
2660
408
4185
55
21
320
1650
4785
11880
9828
3672
441
855
5781
8946
9536
171
900
2626
1022
13038
10788
9384
1632
15004
2262
5838
6400
12350
14022
7056
5610
6480
1480
20016
4350
3952
1519
28032
840
500
90
930
2125
865
5945
8004
152
132
8160
966
1701
3477
30481
327
700
5040
500
2850
6083
7031
1625
1722
1800
1683
102
188
16125
6720
80
1110
1050
2520
2530
8658
10989
7020
1505
3108
3904
1875
2128
2850
8500
476
714
1425
3080
2024
966
1520
2415
19780
6549
855
768
384
126
2432
3293
6864
4814
10836
867
2688
72
4560
426
3751
2800
2756
3045
1152
4347
465
420
3306
12540
792
1743
685
4558
688
57
2958
576
3588
610
156
3360
19650
1500
2982
435
26163
18864
1188
9265
3300
58
91
8436
67
20
2838
4004
4784
180
14700
112
6401
1620
4094
4312
