49015556
23741824
23741824
21911206
23741824
23741824
17938002
31665361
46565047
48936058
43213294
29214813
20893307
49448304
8011954
9658304
10866177
23741824
45560476
23741824
29715993
28165311
23741824
2022518
22960206
23741824
23741824
20805084
43509729
26314527
44207526
23741824
36889385
35977684
10115379
47455714
47561307
43105479
4889921
23741824
40359908
20561864
46309147
8811159
44256717
44261862
6350824
23741824
23741824
41482646
32057455
11513089
23741824
23741824
23741824
29055075
23741824
37508159
23741824
29556473
46962860
10073496
46255763
49856080
28514891
31906426
23741824
1568909
23741824
23741824
35474840
23741824
23741824
861087
23741824
33830814
46307082
23741824
9311173
47265472
22538967
537116
26915957
23741824
44716308
33359228
13966375
34508482
18492940
1966010
1028021
28557556
22101946
37562141
23741824
6732255
38263867
25655969
7009272
4212175
23959575
33158969
23741824
23741824
31659920
44714534
21707807
24410885
30214504
9956104
35150731
25042713
36410318
21163243
35659071
23741824
4311103
28057906
23741824
15062196
9862744
41685575
23741824
26614958
30812145
23741824
14180934
17407561
23741824
39514592
23741824
23741824
40213984
18458493
23741824
23741824
12309135
7200671
15711847
16361131
46660896
26989013
12680952
23741824
3083427
39412443
46000845
23741824
23741824
40959957
8657572
23741824
23741824
23741824
21108982
40060727
45909890
32556414
35661627
511214
39060894
25259616
23741824
23741824
10659459
23741824
23741824
6458769
15793724
3758921
45773323
9312271
28857746
13013326
19122333
23741824
6510142
41805708
23741824
2615701
37805677
4708541
23741824
42010177
33461193
13558498
22389819
47776487
13997573
23741824
23741824
44260621
37613488
23741824
32347708
9087199
33782727
23741824
23741824
40810358
21214390
28357747
8014715
10025951
17558350
27098292
22003562
507219
3966351
15758606
12011989
18908779
22856142
39792241
3458360
23741824
10858479
15011553
11709165
30612054
23741824
14113474
36007614
33861384
36363640
23741824
42813167
12663740
23741824
49056839
10569691
40218182
49754495
12894190
6144775
21442773
46007812
10615504
19111519
23741824
32766134
27505744
43537111
36615352
23741824
39110603
12821850
23741824
23741824
4168480
19909443
34547668
32060513
4365576
4456666
23660909
2361334
7154087
22515135
35515465
3963062
6411887
11923565
23741824
12711125
23741824
23741824
23741824
16609428
38606976
23741824
29415862
23741824
5116307
23741824
40778132
24607863
25120825
17458243
24416330
28458483
45712801
13766268
10066761
34915978
1350298
8507407
10564797
18607513
26193362
11612178
39023756
32107624
30505708
23741824
4316319
23741824
24922664
38509858
45202614
39358302
1307149
10991408
755087
42013701
40993520
15805310
38363558
38728422
34113836
23741824
41560461
45908458
18658458
3499834
30505956
14713180
47306522
6062620
43729072
21355779
32836287
46508826
23741824
23741824
23741824
2879120
2805544
1351131
4360581
17366113
33813381
28207729
2464806
23741824
22416292
22407838
42359333
18555523
7214344
37758175
11606452
21706727
27536092
23741824
23741824
23741824
23741824
35266321
24865782
10110512
35060718
1060690
18842949
17212261
23741824
26713106
43899652
40010965
22715212
7031339
31907892
44566268
34615635
45482814
27812005
11710657
43146827
27259636
9886971
4084428
23741824
6810178
43081601
7583788
27739061
26465858
23741824
23741824
6965192
13394175
44726423
40156637
26657143
23741824
23741824
12664244
4407519
4812906
2778327
23741824
21659298
1207585
6355828
18910035
42061904
21563238
23741824
48516190
32279158
23741824
23741824
7466073
6363488
49560678
17900867
3379697
6810633
18511923
34261932
33766169
17108904
1659559
23741824
23741824
8813947
22008579
23741824
24808343
38009222
38867371
44963415
23741824
10807740
9555996
21207429
23741824
23741824
20006335
10028049
10812386
10308403
23741824
4759034
39213546
37154614
6367733
32056409
6658402
10373880
14056953
365993
2257854
26391447
35709865
745374
4810989
34325770
32506100
6857507
38162702
3510372
45059615
7856212
25459261
23741824
17360894
907542
5016829
24649790
9268170
23741824
23741824
457875
6609147
41260866
23741824
11769403
8913973
13596813
39908043
23741824
29457558
1662919
8449359
13757637
2257909
12260632
30856593
25515979
30837971
10309460
44464505
23741824
31165404
2760358
40459194
23741824
2964789
23741824
23741824
11014655
21013847
39255792
5312482
45729078
31706544
11216260
23741824
23741824
38707456
23741824
42308452
40605566
45557152
1061654
27360875
47541329
39207467
8277068
24865181
23741824
49505560
10966014
49021895
23741824
23741824
46913533
23859239
23741824
23741824
48407275
28405574
21012263
38753893
37211471
18655566
23741824
4376580
39515246
36929068
15157314
2464428
8423034
26656269
4144725
1039576
30405717
23741824
15313725
16756355
23617254
2364961
23741824
23741824
49665873
5314826
42508382
4063037
23741824
1716939
12309598
23741824
34584783
13164041
18008334
37536182
3603595
3315949
41560884
41394718
28615201
15158412
48963204
40471562
1300597
13306326
3129768
7448246
23741824
40211832
44227295
28856964
12357300
48208716
23741824
47062403
24805932
23741824
31316160
22078760
36108649
1959416
35459366
15861631
32462964
22077583
16505396
25309009
42880564
23741824
37512688
32101845
23741824
26609673
37959677
3552874
43829276
3505262
30963341
24273386
4114647
7705696
23741824
6708495
23741824
39607424
23741824
22269817
15557665
16264234
29965304
47808021
38475527
34359212
23741824
23741824
11357090
23741824
46414169
23741824
23741824
25914944
16910854
27468427
28963795
23741824
41972636
23741824
36755847
6057911
23741824
39113412
23741824
23741824
26908185
7386957
23741824
23741824
8155613
1962037
32041582
23741824
23741824
30984779
28257689
39905681
26107534
38611258
25066161
44456935
39539413
23741824
7358908
23741824
10105079
15261734
48606224
11709021
48515331
19162064
23741824
23741824
15812944
6840780
23741824
6965621
9764176
2932
25206228
23741824
23857136
4215856
18459157
32203194
23741824
23741824
2959624
21694133
42364847
23741824
37459064
13428977
22013231
41255795
37116124
23741824
42713252
4084463
18428591
23741824
23741824
24764245
3010734
1857711
11811078
4656673
23741824
23741824
30056454
25867429
24359918
6223753
13412094
23741824
8110900
23741824
9314889
21455359
23741824
4873921
23741824
23741824
36658417
23741824
8363153
2156813
41413480
9813290
9612299
6916770
23741824
18516192
9261732
27612829
23741824
23741824
23741824
14264933
23741824
20036336
15816219
42616032
6358069
15330956
23609702
8314182
30261900
12409402
17708877
43061675
23741824
23741824
23741824
12841396
30465874
27517737
28412129
23741824
12313953
37915997
17473725
27459619
23741824
23741824
2599591
12083638
23741824
25612999
14909482
5961206
45214219
30762044
41415943
40236981
756793
38720647
47263754
29413233
21609053
14767167
35195727
40065481
10977631
31648641
23741824
6207992
39164052
31562070
36792688
9483087
4517907
38438128
23741824
43857013
23741824
37512500
48252721
37561537
23741824
15694691
14212473
7064869
38374594
5109691
14758209
30608627
47969009
2613802
23741824
21181587
23741824
43934169
14283208
23741824
23741824
43263237
20657821
10164442
11046839
20388080
45211934
23741824
23741824
28364330
23741824
37309302
49779923
18931763
38514794
23741824
16637005
25211894
20979378
23741824
46220793
31814471
3211875
23741824
45755830
23741824
18006241
21716995
32128978
23741824
5199513
23741824
19159406
27205728
12176084
4608682
23741824
29308245
36409627
23741824
11565818
33465525
8109660
42127373
19560894
12662022
19108521
6371789
20474315
9311982
23741824
37362381
23741824
38455614
7510371
33157086
9510177
3646527
23741824
23741824
25718733
23161575
651024
42957935
7357978
23741824
23741824
27328224
26518512
22592702
21406487
4407955
14357847
5713591
23741824
4406689
11515946
23741824
45608960
23741824
10749262
3755285
16357798
48311254
36614635
8343313
36460322
605491
12106776
16906241
33056588
23741824
19068610
37656693
23741824
16855989
31505195
23741824
23741824
10362388
16615286
10407547
23741824
14957529
4347804
23741824
23741824
43973139
23741824
22762457
4815205
36313569
9391814
20974829
6864416
2312029
23741824
20593184
6410160
34655009
25509932
49127788
45757165
35616340
27808695
23741824
21106163
2893677
28163313
23741824
3679590
36767301
2463828
31715684
7716011
44089744
12363399
9488284
23741824
38672187
9500765
16706151
23741824
47807445
23741824
23741824
23741824
5260353
40314528
14309035
762125
8763033
23741824
23741824
23741824
1463955
40215885
25963978
23741824
28656342
11443629
19507789
8356620
41507285
35560372
23741824
26659156
8447897
12407762
8045478
11639106
47456105
23741824
23411498
23741824
12664092
23741824
38031003
11206980
8362836
17015820
8363098
12261417
4262379
28048018
23741824
17774785
47914504
23741824
4
3
3
2
2
44214097
