105 1
1294 1
260 1
331 1
330 1
177 2
145 1
2655 1
56 1
207 1
727 1
17 1
31 1
1689 1
102 1
227 1
111 1
7640 2
110 1
1657 1
152 1
842 1
20 1
1406 1
188 1
4703 2
50 1
762 1
43 1
945 1
121 1
125 1
34 1
10 1
690 1
60 1
19 1
320 1
23 1
9638 2
74 1
231 1
380 2
42 1
2494 2
2750 1
5397 2
79 1
9322 1
17 1
254 1
8 10
786 2
93 1
319 1
51 1
615 1
141 1
394 1
155 1
299 1
814 2
24 1
97 1
1508 2
44 1
260 1
33 1
335 1
186 1
991 1
58 1
38 1
259 1
54 1
829 1
395 1
7178 2
71 1
14 1
5427 2
5276 2
171 1
264 1
159 1
5703 1
33 1
105 1
16 1
3814 2
12 1
438 2
2767 1
1502 1
286 1
170 1
56 1
104 1
317 1
223 1
