80670
76229
71672
66582
71231
80474
66826
80396
30825
79145
79858
78641
48105
81878
35505
60047
80373
68707
77446
67914
63145
80758
79286
66195
73125
79511
77066
68809
66300
73244
79703
75938
80836
74553
69244
78051
72534
59257
64424
79986
76061
66234
80924
80568
69745
63480
68976
55083
82171
77298
66877
71614
69109
79338
80226
42401
78239
67158
79921
79322
81597
77978
80000
69939
79308
62438
63338
66475
80207
80310
78241
75025
79960
76923
70759
80103
63340
68060
67642
72758
75646
80026
80155
80390
76306
77749
74132
66672
80928
65261
80517
76667
81150
81284
76486
68152
68142
81525
67996
74023
81075
65459
80560
71348
78734
68540
79584
69924
71384
80987
75287
81169
82128
80011
36706
33906
78598
80125
66879
65908
82827
81573
61829
79281
57759
73920
69061
79091
37873
72843
66847
82390
81462
63028
73150
59169
69092
64637
80714
81288
71777
78930
57336
78984
79812
76395
80003
78722
81509
81056
81624
73382
69209
80990
74433
79395
81871
80477
80371
66553
77944
45107
70614
46617
72129
62871
64691
65809
76595
79684
68508
81575
81515
80066
80059
77660
77630
77501
63408
80213
68786
60358
70300
79489
73976
73972
77342
78551
81251
68770
82171
81583
47789
48314
66750
83311
64001
76589
40483
67577
74211
79629
37624
76601
78951
71557
80950
79863
73663
75001
68443
79548
81898
79912
73491
80406
79937
78244
28921
66476
61341
83035
78814
73932
62160
80973
81479
66171
71687
63716
77057
69092
77548
78086
60407
70723
33536
62308
73433
81869
73163
71659
82762
81716
78925
81764
69817
74021
51632
78825
84356
80823
73361
63683
81316
54628
58866
82117
69999
49913
79108
68460
78534
73461
76557
74054
54426
48859
73497
68736
69304
81615
64654
64466
81260
82465
72594
77975
75340
68392
83147
64108
76964
77280
79125
70422
72741
65075
74079
79349
64655
36048
82559
55998
81498
69170
80712
64630
81298
78510
71522
65447
49988
77301
81144
80795
66509
79440
30133
72541
80509
59174
38799
81668
52319
69607
75976
726
61573
82349
78903
75812
46977
76769
77274
57667
70462
74311
80736
65770
77839
78048
77868
75157
74265
74935
66679
63557
74814
80907
79667
73934
58003
78751
75966
50677
58359
81455
79345
79229
72068
71888
77308
63068
69687
79299
63583
77125
75117
80360
19922
80688
57593
73417
76820
58926
79783
50670
74042
74533
81087
69300
66173
79171
75200
77286
62922
69395
80214
82297
73555
81635
73484
72908
70517
64257
81654
78349
81622
30125
74454
47486
75665
62752
68895
69927
81493
78884
71018
22753
56202
58758
76131
79821
48918
44410
61735
78663
81059
71854
78525
69060
76086
66037
70594
80285
75306
79497
74728
78159
63215
73246
70242
79808
75632
39889
81275
79678
82827
81276
72181
75161
80744
80851
40457
39436
78604
80227
61633
76501
66504
83223
78104
76526
79465
47404
76297
80370
80347
55066
80286
79654
71962
79502
69482
79282
64906
38962
70602
79976
74631
70323
77402
69767
67075
78527
59880
56394
78853
82004
75845
73646
79967
46516
81065
70559
73472
76816
72259
59754
80471
53231
35152
70182
79623
70599
67619
74080
51562
45050
77011
45150
77775
59352
61725
77350
52674
78353
74950
79983
48045
41974
81976
45893
73902
82015
52820
81565
78360
71695
70271
65614
81486
78535
78890
54943
78750
66268
70055
78567
74249
77772
79791
73576
78406
75455
74155
71898
74027
62102
80299
50897
42510
64613
55034
77551
76956
49511
73664
68992
51939
82355
70883
77950
76890
69614
20490
74310
79509
74447
78928
78777
47709
69536
77100
50371
65884
78401
63374
77594
72641
81254
78986
54508
78748
65180
78229
81028
82173
74165
72345
74280
79442
58596
68453
78057
74807
81545
78532
76815
48966
58609
71123
46763
71522
55109
75140
73692
80076
69571
76821
68210
75401
76066
80489
77251
47309
80100
78340
46693
82031
72399
80276
82925
79117
75567
82182
66442
79523
65620
79252
78895
81399
74177
77549
76916
69334
66566
79576
60961
71633
79511
77071
75705
81789
72023
81470
79910
79511
76765
75617
81795
36053
68450
59574
68615
78846
74477
64733
59921
75422
74787
60299
65125
60217
63986
78245
83394
71994
75398
81121
77897
58915
77894
60431
72849
64017
56362
75587
78974
78740
81714
69243
73151
72214
80100
58368
75783
70867
79521
74529
74807
80725
61321
78089
74243
80921
81482
77591
79524
77313
60098
82153
71073
81899
80894
81608
71910
66821
74141
72631
76717
72969
58161
76610
74060
73788
77141
81820
47136
77959
69906
82259
81219
83311
77383
75635
77761
66623
66799
68189
68773
80766
59111
52782
81073
78073
53227
60140
65014
65583
79898
68223
62579
79436
71871
16925
79077
72605
46087
73120
78008
70214
58909
70984
77550
78659
58775
16430
80571
79066
45063
67259
54558
80818
68911
71554
66379
69229
66538
58133
64787
74976
75362
62748
81539
75798
80537
63106
46838
60205
56322
72848
80653
81143
73301
76703
74665
66286
75178
77597
80314
82783
76805
76694
72819
75133
83187
59019
78731
70024
71469
30836
60802
76190
63442
51527
78739
81786
69623
80892
79907
76948
63633
80675
69538
64892
79004
82407
60311
63622
78007
79324
70636
61695
79815
69987
81845
74200
78732
78225
77077
68684
72586
46413
73534
80038
75651
80953
70462
80260
82029
78660
72833
80223
53408
80602
64706
76301
69886
76373
74194
80874
45103
48433
60415
43510
81744
81525
75752
74296
79373
81825
69025
65442
59070
76114
59434
77855
79794
80537
57705
80228
76794
57730
79834
43985
80064
80282
76464
79655
67444
80545
76028
79591
78073
76009
74964
82239
81325
59613
78774
78768
73541
68175
65251
79196
81512
65550
78004
76639
79235
71003
16982
78719
78473
81539
67186
78096
76138
75562
63969
78737
68067
71664
76092
79526
81270
70271
79641
63451
66694
77014
60276
77586
80123
72149
77328
72494
81503
69168
66118
64180
81010
63331
78880
69173
77591
77944
71939
83386
77854
64485
68209
45742
80203
78752
50040
79822
71241
81050
80075
70959
57497
62101
80027
72918
77328
80663
82272
67527
52515
81105
76799
80374
82530
81192
80906
73287
79390
73163
49672
44474
69958
82498
68882
51302
81307
76211
80208
81448
72713
79635
54261
81483
78006
76561
79333
59022
73547
79833
79783
22103
75322
70616
68740
61239
81979
77937
50511
61287
74983
78099
81701
70285
59756
50755
68912
59757
65507
77377
83904
83283
72011
62959
81077
69382
76935
61962
65051
69663
80111
83565
82591
52892
74684
76428
71168
72306
76898
79767
64149
47469
77931
68226
74493
79067
80189
66479
72916
77283
79987
82238
71777
81115
76640
57852
78196
76901
50427
77476
79823
77273
79463
78480
76842
80848
63555
80016
69621
75131
80022
79427
79771
81876
59669
77636
81147
82385
74898
66692
64309
76290
37615
80376
76308
81979
51879
51624
79447
82587
79026
78068
44273
77090
35009
73535
65608
80592
82430
80940
78281
80138
40580
77127
40185
69564
80034
74576
45602
76328
75692
68803
55221
80309
81517
77838
80047
81029
66998
81070
83242
72770
75886
72333
61805
35875
60125
47303
71923
82207
74553
66956
78732
71200
60645
79360
83661
80531
74484
54715
77830
71420
56631
75854
74632
75494
62667
83052
73980
76844
82451
79536
63731
72107
82576
60944
75855
82001
67067
77807
67132
75933
67264
77497
76077
73192
77407
72554
78560
75959
79786
83555
79547
80160
68228
67034
80191
78175
79132
66665
76490
76888
65697
81213
76265
77884
64284
77457
76473
77212
61423
74645
78400
79597
76392
62273
59348
78479
71062
75249
72136
59471
80798
80058
79084
35874
79918
74843
71595
73047
82138
64703
82281
80756
77374
36337
82273
79825
52447
84033
70240
69682
57655
80138
79832
72082
77514
80855
78239
81084
65323
73111
72494
72170
72263
81669
78815
73542
80375
77394
78852
79574
73431
62334
59462
76409
71377
56265
76368
81413
78189
79467
81313
79943
64367
76335
83071
76732
76761
77032
81792
79228
67631
35286
80762
71846
76132
73573
81650
64137
51612
71639
58174
78282
79843
75173
75665
74396
78267
66123
81773
77428
68056
76650
67533
66700
80788
75724
79205
79876
83339
77094
68751
62689
73526
78886
82919
73888
78985
73371
81371
24478
72529
69298
82454
81390
79498
68364
82404
68413
79347
74536
82565
75546
77888
77709
66443
59382
79620
77093
67653
66926
76407
72575
80346
72800
73856
76055
70632
60318
81954
68773
71547
79071
77619
45159
77510
76976
76714
40542
80631
65502
57479
72179
76622
70860
70921
64887
80219
39205
61407
80843
78742
71067
79675
79410
77117
48428
77744
76776
77815
64606
73369
73143
68560
64365
55117
75654
79589
77800
73369
81965
73979
67789
79509
63029
76093
81453
79856
64446
72022
48527
36098
80477
70336
78200
70406
75913
77469
76546
77532
76729
77082
77143
77409
73862
77036
72740
68824
69392
74127
14780
41346
68008
80254
66814
80671
69007
57609
82854
77000
62583
74558
72262
76045
81203
79704
74685
62126
62191
81322
80762
63720
71306
72840
53394
74571
65581
75011
80830
68675
77146
76027
72007
33722
78834
30469
53690
73207
81706
77644
79015
73464
78063
81377
67328
57481
78198
34719
79932
79150
66940
52302
80303
72975
67800
77383
68836
71237
81614
79290
81669
58449
79693
82626
79673
10517
68937
76140
70304
74773
70777
79980
77869
81222
78725
74390
71339
81338
61708
79247
76468
78108
49653
63530
81148
65489
39587
64608
77700
81830
81864
75943
68036
77433
49825
81008
78248
59274
67990
73611
78409
81127
67767
81278
77855
68666
77271
63680
80192
78308
78500
49767
78674
69774
63870
72647
81359
48608
58221
79922
64802
54683
79125
66604
82707
67318
76458
61205
73696
74910
75881
74960
81599
79704
73590
82310
66810
71788
60014
82880
78137
81685
76440
81251
80606
77466
74573
75606
79212
77666
78453
68933
81808
77489
58911
80312
75814
77928
70606
53762
64798
77735
80440
74539
71919
73246
67370
67098
64712
69597
80429
82880
51558
74127
80898
81448
79851
79958
81967
76477
82209
80852
61857
74038
57199
24077
78679
76969
82658
69980
44767
52321
81091
80414
80615
79011
69330
63619
56811
76540
72871
81810
78397
77486
68491
72370
67989
81580
77172
47112
51226
44156
63193
75906
64820
71425
78311
81486
82833
79365
72153
80479
81389
59225
54420
69169
40226
71583
34369
55967
17711
70007
78036
69194
80940
72795
76991
78695
82313
79787
80761
57898
60976
40857
81863
81101
73095
67488
53758
64597
75472
72663
65104
78175
67857
55688
77355
75856
71686
73092
82019
46209
79478
78339
74190
23929
73503
75982
68146
64412
76072
78020
81269
79104
81560
45143
78311
77624
61873
78551
64151
56445
68168
81820
50677
79709
60713
80806
80493
82665
80900
79705
79575
63959
77600
71161
72363
66830
81168
80533
75155
68976
37450
74765
75966
77809
53044
70841
75400
81861
76945
59394
79310
75339
79249
77295
80586
78002
81050
81457
78882
80070
77071
76743
74534
79899
79525
61784
71422
78713
80038
83212
80350
55319
82367
76867
52303
82923
74404
79113
79486
80770
66810
57199
70981
83428
72651
67713
79749
61990
76674
57059
72382
49966
36820
79986
77553
72961
74155
81543
81597
75953
78935
74949
71604
81225
56178
80729
77466
73086
81756
79360
76996
62364
79602
72743
72859
80038
73769
76966
80593
57207
77376
33935
80528
79936
72336
58190
80186
57962
75876
70028
51792
64357
15251
56582
38626
72630
72053
51863
78593
64751
55544
72938
77622
67145
78729
80858
74364
74605
79994
55849
79907
76453
79859
74278
75006
78762
66113
55737
78947
80289
64822
52232
71701
57648
75030
72395
79583
75436
79521
47470
67519
82365
78479
79642
61830
55616
63102
76404
73822
77399
76574
37197
66778
74498
76974
72663
50741
50965
59209
54348
70720
71348
72478
73622
60127
77605
80500
60483
81220
59528
79761
48088
75806
79189
43216
76728
79984
81023
79948
54552
60732
53920
76754
78328
79318
82220
80735
72487
69404
80105
80306
76764
55520
40982
81121
80846
74915
76175
76257
77374
59715
43354
81672
80762
79051
76064
80919
44331
66050
75947
40943
77672
72192
72503
60749
57013
61062
82476
35722
70066
80431
74205
75904
71855
75165
66088
77791
65563
79708
70674
74148
73316
74354
82062
60847
69302
75432
62027
81993
61050
73495
66341
74329
71099
63509
75276
79547
73939
78120
63951
79632
67210
77892
77477
81270
48122
43553
80751
66607
78285
55056
78662
74796
75998
75067
82185
71916
77096
50888
80522
77889
74308
79809
80198
58892
69293
77718
67140
77342
77843
77016
69248
74446
72463
83105
78936
41633
23450
78156
71502
82474
78835
12758
26198
33531
75648
81507
79295
80018
80785
73145
79626
76756
80677
57228
66266
77999
74149
67622
70631
78896
32298
74635
71829
76411
75191
77757
71382
38736
75772
57218
53645
58167
76795
75775
73778
77074
79829
79682
80784
70497
82909
55085
75438
77918
56048
74462
72579
80335
76088
62919
47353
39445
79035
72585
53936
79580
80179
44427
82009
45194
81822
72042
77961
44471
80261
82249
82247
79358
64588
81562
64096
70014
79131
58695
75818
79581
80613
80758
78490
72541
82996
78563
57836
73691
80282
59328
76859
70517
29825
81043
77935
72031
81591
83129
80047
68845
66033
76868
36482
76498
59049
74836
82338
79820
77280
80471
76190
77249
71596
55917
82452
68948
70334
81184
72771
79441
82394
72165
68052
67391
81217
48019
76853
56029
52006
78530
76896
65556
47107
81568
79286
79846
75078
81737
72928
73825
78231
76315
72983
81033
60404
76516
78754
80857
73511
57683
78268
77743
19068
77710
79884
73615
67037
78970
46537
80101
78101
36088
64951
81081
80494
81785
54789
71131
79263
65959
78420
76939
71200
40188
70347
71117
61529
76172
60551
70130
77101
80956
80490
80514
72912
59491
68839
75573
82573
53466
50004
78320
75789
80196
63293
80831
73872
58825
71902
77006
79536
80280
73773
68808
78617
65519
78624
74281
69006
39373
77034
68747
74155
75008
68335
75239
79488
77547
77958
70081
83755
52775
63803
80112
74385
71598
80635
73246
81844
74520
70641
73263
53824
56659
70083
82258
75849
43947
66581
79439
80101
73565
75890
75805
81085
76264
56847
77556
72166
78876
77084
79469
74294
78086
52992
57106
76664
79076
76363
70199
66130
47932
69763
80469
64661
62029
73123
58095
79977
79556
79196
51122
63347
71865
64125
80180
64403
77491
79094
79948
81599
78614
73092
78940
56624
71381
65868
81099
74347
78705
73377
79322
78966
76612
72480
80085
79949
70711
75989
71563
46530
81523
60601
49028
59171
69339
81031
72910
78297
76199
74465
68378
61696
71736
50807
76234
80163
69223
64878
80625
67195
81343
79107
74777
61403
80645
67031
75185
75787
82832
78049
79004
67357
46460
75664
79122
81403
80435
56385
64241
58874
78328
71918
79795
46763
78604
57026
61761
74828
78896
79800
74593
51130
77501
77451
65933
74852
78520
57218
52430
72661
69311
79085
77135
56019
81444
73715
79130
57037
80810
75123
73407
70142
72942
70440
71186
73658
79285
75153
56262
75765
72844
42431
66368
79508
46606
78076
73751
51134
81070
72555
58566
63917
37795
70281
79155
70418
78325
81190
79835
78724
78566
61645
44543
80573
53564
68640
62263
64127
81189
76290
64584
50635
57396
70580
72674
34086
74325
75673
62375
61911
80728
80453
81857
79676
73599
76616
22087
67704
75014
38183
78936
71586
80720
77460
48168
79257
76651
80034
75335
36323
77695
74853
68630
46183
61216
78312
76192
72181
66366
73325
83178
57177
69608
82562
76745
68793
73262
77188
73310
80547
74455
56490
72046
51629
79298
77743
82675
80483
82438
79619
81282
77825
81484
76082
71856
81385
79656
79123
60415
80271
78612
71606
72952
68583
82318
79429
74408
60663
69491
74025
80488
71391
63314
79766
80324
70018
77547
66293
79311
76329
62084
78259
74362
82667
77031
64135
53098
76206
78131
58583
61590
81412
64417
78041
70706
68337
76528
63473
75653
65248
54005
71613
68816
73916
78825
77894
81509
56977
57294
82394
81872
78281
79327
54405
80291
71334
75340
61699
50823
64258
73542
76424
76879
78992
57531
24449
76589
73866
80158
80335
80179
46581
81822
75920
80690
76345
76954
79570
66640
62117
64784
61397
80668
78296
80166
81292
65763
80153
66917
71344
62074
74829
73461
71789
79710
80081
76056
79753
81164
58814
74638
68736
80070
73824
81671
73272
68986
61241
67337
62246
77248
81050
59974
77721
63078
79393
72093
48524
78831
74908
54976
66415
80979
77408
66731
78568
80769
65343
79027
74057
62866
64931
78279
68522
52284
76666
73015
72782
82110
80715
58465
82627
81340
72528
77020
72691
79900
81829
74712
72741
72203
80065
75404
58110
82322
70141
58066
72303
67078
74544
74651
81989
81202
77296
75278
81336
83143
69016
82662
78097
78914
71446
67482
77578
80713
73383
63341
78058
74758
70540
78660
76860
66499
78240
66153
65632
75237
54683
58332
73948
44448
70610
66936
78834
76246
71993
80856
28141
82001
72579
80547
77618
73672
79703
79889
83616
75529
78337
83465
42624
74484
65490
78697
81928
82731
71771
81264
62689
70634
68001
75179
74994
72872
77285
56210
68020
60230
74690
82797
75138
59408
63393
81333
81477
77618
57106
70648
46126
73562
64721
78217
66123
78230
71000
76645
76023
62435
79877
77915
77905
66513
78217
81135
65888
63593
54966
58752
73169
73527
79629
76350
79490
78911
82839
81697
59078
67113
79400
78764
76607
69632
51623
73361
78793
79601
58656
72992
53361
64930
59547
59207
78675
71106
80560
79610
42176
62010
80182
79327
67066
77028
69769
77805
81881
46692
71848
65480
73764
72492
76165
63415
74588
79311
70512
77776
50356
76354
79459
50229
68799
81376
75988
64243
63408
82004
59105
75508
77749
80887
75968
72369
75211
56554
81875
66865
80096
57533
78922
60718
81232
79353
82348
82233
80527
61115
81009
57097
81116
78687
59993
78751
81366
80556
78243
59056
49075
75786
79977
81266
72319
21109
76352
45387
77655
79836
70125
65781
79979
74840
81969
78944
80330
52383
79378
74558
79279
79620
83734
79036
72999
65308
77855
75239
52484
77504
80879
57406
81705
77690
80195
56742
82726
48364
79469
82534
39719
77437
76461
76075
58146
62512
81846
78510
75402
68515
81851
72926
83088
79328
80120
72825
76482
74310
79371
63840
73087
65533
81813
78315
79115
81723
75894
31998
77424
72449
29241
80262
75560
81186
82214
56418
76868
78277
49055
66525
35552
76662
49200
70926
68566
82586
71085
80332
83338
65035
77927
70628
75253
79421
82116
77376
58855
68469
69570
78326
64220
62541
48271
72778
72881
59176
78558
72967
80426
78903
81206
77700
76608
30378
75553
71716
80212
77372
77069
67244
71358
71845
46648
78133
68414
55608
80424
57463
77098
69130
63332
82654
59229
80567
60621
67756
79579
82268
74592
64007
77396
56186
66411
77485
77047
76851
77961
28426
72688
79868
66577
75878
78956
80576
81052
79225
71437
81542
62009
72116
80119
63851
79566
74641
79565
70864
59170
45591
72320
73869
71849
77677
51851
77909
72071
82994
52358
69901
79115
70603
76274
15725
57432
76626
79804
63494
81398
77803
77753
62315
44500
81264
77872
78373
75855
81895
53179
77804
78175
81702
75984
62671
61094
80487
79181
68826
81418
72836
79882
76630
78319
72230
79543
77851
79389
61786
72397
64705
72557
82049
82350
79572
72612
78030
67206
80356
72534
77897
74960
75814
81382
74669
57698
71392
80236
75529
52851
78450
81233
77004
54867
68088
60855
81037
71335
71696
81723
67200
74550
74525
78485
29917
80094
72559
66474
80676
78264
61948
80242
69102
68518
72244
64416
68874
70681
78848
77721
75804
58212
78530
82939
75803
76352
59686
80149
80071
72523
51490
82361
48162
26054
81295
79435
70309
81471
45967
70253
76091
60531
75955
82292
62576
73155
81236
79525
64032
75602
62393
77375
63004
20848
69087
80801
80220
80807
70606
74654
65249
80892
79572
76848
68432
76433
79096
77374
74854
74852
78288
74604
74012
82564
41576
74857
74832
68345
80380
41002
84010
80864
74600
66083
77076
54427
76411
56716
80400
82167
69313
78478
81770
77546
81340
75235
47352
45439
75629
72576
76291
79589
78377
69293
81177
57463
81191
78022
72027
67542
76908
77881
77696
75281
63323
79222
77106
78728
28370
75256
82407
72385
66686
78947
72529
71454
77105
71717
79081
71405
61899
78020
58166
73231
81048
52271
70416
64825
78698
76200
74971
81487
77992
79152
75913
66037
75560
78246
69653
66254
57335
59558
79865
63693
60116
82768
79849
73914
72272
80291
55826
82370
75796
75933
70353
81918
77078
69000
56172
81171
57285
81251
78730
76599
72012
75775
79767
69080
82703
70344
79647
80093
78894
82546
59828
79003
65848
79453
74933
81102
57762
73500
78649
80953
63334
26395
81672
70861
45454
77773
78654
73928
79958
72932
76648
81731
77224
81046
55043
75392
60565
69232
65334
79650
68914
77262
80208
64252
63468
81022
64151
81321
73132
73991
57232
75848
67185
73701
66629
73551
78989
75365
78116
67322
81376
76877
75730
66189
59587
72741
81053
80777
79215
32987
81541
76702
70772
59351
70446
80422
66997
67038
67353
80576
38684
65112
65472
78075
67486
71532
70294
77590
79290
79749
59141
78731
79586
81199
78609
80831
68448
77081
72349
63425
81309
31690
76641
63176
60070
76870
58810
79968
68735
59322
73548
79503
79210
78223
69155
76332
81222
79651
72644
80656
80479
83480
69656
78926
54437
79354
79512
81154
73811
74691
82056
67776
77179
56115
71223
49458
75823
64223
60153
66384
52587
73973
74177
70848
83055
77612
81220
81848
78386
66599
71017
80904
69069
77620
79405
80807
77927
81520
80387
71378
79493
72359
71402
76358
77986
79121
79697
79772
78294
81929
79792
62390
80261
60202
77006
60316
48668
49542
77653
67053
69529
82741
64547
67712
81187
69098
71925
78891
61194
76091
79346
76628
76612
78228
58027
73493
75354
74920
77160
77803
69165
68584
62492
81298
83026
80577
81398
75448
66630
80677
75436
64784
71836
71208
72404
79694
74644
82163
83178
71847
55268
80622
79656
65107
40583
69939
70569
47034
74869
64596
81867
53541
80540
74590
63390
59880
63585
79062
77368
79793
78383
77229
78638
54941
77173
79265
80331
75022
74857
76499
44137
29955
73183
74847
75060
81009
70887
77337
76921
78353
82092
63095
76111
75824
81079
78900
75748
80150
58703
76392
79035
62702
79403
76513
79468
69548
61890
57975
76183
68719
77964
81125
77906
70807
80865
54332
64368
73502
69705
76027
75224
77382
73547
77026
82183
53667
78613
29779
83197
81692
72531
80977
69291
75169
76276
71700
69766
78645
73777
67880
80654
81752
49922
78458
72643
64267
71873
64608
77464
80488
67022
70246
81144
82224
75096
73251
81702
81800
61271
76097
69193
54634
78497
39423
40896
70604
73170
29051
58535
81362
77530
24461
80248
76017
42448
72216
58377
50148
80893
79317
73471
80236
53926
79982
80233
57416
79645
61311
79440
74741
80083
67759
77129
71402
79047
82075
71838
74696
54789
66050
79185
79659
76594
81968
82554
73038
79420
75552
75659
52178
81155
73546
78356
78312
73218
72746
73896
76113
80391
59548
52683
29146
61349
51896
58392
80133
51815
77790
76971
69712
80341
68840
81687
70422
33415
63694
75227
81052
65400
60134
63484
69034
65913
82126
73628
80598
82498
80974
82148
61269
75579
63221
71974
77246
66311
76909
77223
80545
71092
63031
72174
81542
77211
64196
76048
75259
79406
34850
59470
78816
78303
68088
69011
78488
62181
66015
77336
72297
82677
42699
61337
72104
68419
78453
79067
77318
79958
78452
72594
80443
77809
77430
75852
48439
57571
63781
71713
81138
59350
82125
55819
74642
68510
77616
66662
59954
68434
71385
57230
76499
79124
82067
80849
34250
75930
71549
77972
75923
81073
79437
82348
81868
79789
72009
71320
72093
47385
80421
61919
80903
79270
77715
27912
78950
81035
65876
40484
55481
74146
68384
67934
74282
52070
74497
80084
45233
64593
80669
55841
56037
59348
71425
67894
52945
69712
77831
78337
80485
26153
65582
79347
73757
66974
55998
81203
41994
78629
77574
58182
73205
82642
47032
59549
74028
59846
57948
76893
76419
55539
79667
81494
81167
81757
75304
77782
77517
80568
72945
55832
40061
56759
78571
77556
78927
62174
63367
75884
67031
76079
77490
80956
77871
61945
72831
55399
74619
76108
55512
81867
77283
23582
78865
60122
78171
82071
71163
65333
58946
78862
74374
75989
71228
71874
63876
49050
81370
62164
79507
79993
70306
63224
82484
80711
82081
78577
72236
78220
54102
81575
81748
83332
78240
76072
82167
76603
41309
47191
70473
80057
57241
82242
60929
79102
65777
77182
82768
69066
76300
78044
82969
75868
76084
80037
72183
73007
40428
79251
81649
81093
59849
73635
79895
80463
78732
78054
75726
76294
28185
81187
84261
70731
77271
76961
80573
78659
54649
60245
74060
81311
69114
63559
73298
57476
44085
80840
77867
82836
75045
72204
80357
49443
70357
76025
52909
74659
71120
79662
77462
76689
78102
57917
75009
55235
66096
79382
76397
59698
79739
81482
62970
50739
16232
74500
79482
80801
63412
78945
54290
65956
72430
79701
78700
75673
75579
68841
78479
50864
76730
74787
83136
77565
80016
79395
74231
49429
61737
80338
73159
71835
48272
76471
76211
57600
73665
30824
78979
5833
79074
82587
70667
79546
71672
59132
77107
70353
76961
80540
79930
74296
81017
77782
62376
63975
74974
80261
66608
77089
80264
71148
78490
64390
76056
77802
60330
59568
75470
43950
75591
73235
79344
59806
76036
64435
82944
80440
76782
79597
71959
77496
66513
80278
76400
53107
63050
63106
82581
82008
64423
59798
70278
75899
66159
78943
76240
67773
78869
20782
70774
80456
74752
74184
69230
76158
69213
46412
54420
81928
78899
82877
82592
70843
53025
81547
80283
80425
63403
71443
78717
77614
79834
78914
76898
74179
78591
81800
73016
74164
65097
71938
78960
73440
62511
71641
79321
81302
76825
61699
75667
76505
82676
69348
79295
80329
78786
74581
73202
81129
76116
66628
74340
76897
80470
79178
66409
80150
78143
81324
76076
75184
80739
65457
76095
67469
79555
75192
76348
75870
66334
70920
78299
66703
77373
71324
55198
66251
71659
79218
71743
33053
81850
78504
53039
81332
68077
80621
82576
54098
82248
70559
78538
73757
68933
78412
63548
79996
70805
70517
78729
79177
62460
64045
82486
75476
78755
78327
77673
79516
81513
79668
60632
78720
75381
78823
79997
84238
59740
45042
72814
74003
75014
74077
52957
78963
79086
74663
78128
59372
65634
75057
50103
72217
38536
81802
59027
74650
68551
78354
76384
76313
53705
82129
66956
68508
69761
80753
79745
63510
71028
72243
77735
76432
65859
81874
81017
83091
75969
57193
66398
73990
82614
59344
78665
75869
77070
79190
79164
70265
62242
77510
75221
81791
74169
74791
72967
77112
81528
70732
80618
81872
44332
74942
82214
73157
80890
81980
74425
75006
72497
78239
74877
65789
77991
73059
75339
80988
76500
75152
47434
70663
75159
45335
80983
79649
78283
80500
46152
58094
50901
73313
75587
63932
45337
78361
78729
42939
77754
68242
81547
65335
79519
67595
70517
72271
73329
73886
79830
70512
51182
76645
77931
64760
73451
66487
80583
81340
79992
81403
14967
73063
61071
73357
30497
67167
81482
76106
77534
75877
81991
66709
59607
80625
78149
79083
78082
79149
76111
76697
82065
56990
72546
50991
64377
77871
78107
77636
72222
68114
78896
80405
69415
77906
72213
75700
74957
31743
72187
72018
78282
47518
69379
61282
81471
75692
71069
78823
45924
80606
57654
72256
65098
66914
81034
82689
82717
81026
82677
81559
73240
65452
56761
69855
82015
79093
77282
74767
66144
62634
72514
57059
74176
70737
74532
81580
50476
81202
79868
51175
82699
81775
77407
61406
73115
77724
73015
70454
81847
77595
58010
46086
80771
66199
65694
76156
79272
69121
53551
79203
81352
58043
72286
65326
62814
76236
64453
75489
54428
80393
54757
75990
37406
67957
63871
76741
58338
80489
68563
79333
72125
80954
81286
77770
56627
79723
70017
61002
49372
72203
82318
51903
70564
77750
66718
76825
78658
73593
80670
80031
78903
72380
81132
67052
60425
31384
81077
70874
71072
78330
54260
63704
76593
75662
76033
70034
75012
78283
81791
80386
75363
79141
79610
79651
80554
76904
82300
76607
68738
80344
57371
56616
81764
59124
76738
80148
73887
55787
50556
77568
70225
75437
63348
76857
81288
68942
65125
80460
37567
73444
80405
83317
74644
32422
78935
64583
78603
78492
71830
59385
78086
72409
65825
59692
70899
76513
82324
54317
64142
48639
69566
79167
71401
74908
58563
77818
57090
79843
38092
58686
65673
58822
64618
80969
79703
72903
77837
79550
79711
54980
70414
69366
78513
79399
79942
57281
38202
53183
82651
72865
75943
47712
55922
56044
79492
74080
81616
75516
77443
78557
14739
68506
62395
77093
77384
75940
80756
51897
81368
45990
63824
54962
68708
79246
77098
81134
77101
76065
71127
80207
79038
49081
59293
72752
81437
72200
80487
68513
76033
80035
48237
69481
72438
70274
72373
74205
83012
80939
55625
70795
77139
78450
74726
81970
71910
71502
80953
54893
54299
72830
75657
74226
65175
77999
80509
68595
75282
74591
82103
58409
72429
68184
72634
77669
73330
75036
36340
69313
73687
68277
72641
73599
74833
53362
70497
44290
78689
75555
79966
77298
75632
78055
80469
71753
76235
57485
76623
81671
66202
77622
63537
75566
15352
75319
65969
72669
48971
82483
80396
69003
79765
75782
64007
79829
53923
72519
80287
69418
51352
69961
80619
65142
67019
80132
76728
79191
83117
49706
81259
60210
78532
71824
63362
52731
78256
47938
78561
74587
72118
63390
60991
63809
81046
82324
72092
77758
76837
82115
76171
83139
79143
66031
81338
48325
52105
82324
79319
74444
58516
80598
68247
76445
81073
74545
56641
80744
36700
78394
62575
70875
53736
79572
82114
77147
67430
54359
65390
78417
57953
75670
71707
81473
75667
48104
75322
81838
77685
29258
62299
80437
77007
71480
80265
80705
81343
46397
73199
71802
76477
75904
73419
79177
78627
76126
77452
83044
78539
75659
81747
79555
58172
64295
78902
81073
77198
75491
71640
74848
77968
70567
80859
81804
71552
81185
68649
75847
78558
76574
67688
71497
79457
43674
81257
74438
41369
65677
76944
34681
82063
56040
75627
68886
39033
81129
79494
75327
66027
77711
62484
76246
35703
61001
60034
81894
77386
78868
80626
77977
82495
82252
73210
75315
80813
76050
65932
70822
74532
72203
56905
72230
79503
77354
61918
60647
79427
80507
78270
79130
77191
78507
63761
80087
45231
48675
71875
77194
73140
57944
77894
65957
77177
76072
80993
80704
70975
79307
80829
72753
24861
80378
64781
75602
74977
80632
80023
73518
76319
57936
52760
73333
79290
68903
79611
73791
78416
66402
81097
78639
77482
77146
71892
70900
79801
68555
78943
59912
70190
81666
81762
35741
59777
81550
82800
57008
70950
78728
83074
80137
70330
72894
53960
46653
79141
54311
70426
40850
80660
77398
82540
80898
29249
82309
80782
81240
78638
73621
61189
73135
77070
74980
78808
73245
71464
59359
53665
69046
60917
75881
74270
74971
59430
47627
33983
33838
77796
82769
80408
75013
69094
64892
78291
74018
77599
53984
62122
48628
77794
73002
66712
78842
75377
77776
81947
79102
74837
66450
75016
34529
76377
27433
63973
34418
79270
72470
50650
77353
70127
74239
59832
81296
78039
76704
79734
72010
78084
54340
80328
80441
75865
66633
80375
80348
54701
45114
64408
81965
78401
62974
81121
54259
70897
68921
78453
57859
52263
77387
79275
81176
80131
71605
66069
75245
73746
72871
79854
81389
61129
52054
64581
64275
74605
77851
72295
80166
81039
74270
81111
76887
55891
76692
74085
68134
68921
81317
75351
73007
51421
79901
68678
55631
55137
25357
74101
78517
81360
80567
79286
81744
80591
67797
69827
77635
80065
72375
79248
72092
71844
63829
58163
56474
81147
79790
73505
69725
65427
59973
52186
76199
79769
77834
70864
53592
68140
74239
69879
59682
79077
68447
78050
57612
66701
59316
57083
73803
78430
73351
82175
62605
80543
46487
81493
44596
76790
78911
80897
45723
77766
78699
52697
75963
68962
74253
78265
81706
79271
