80682
76236
71675
66584
71233
80485
66830
80410
30826
79162
79867
78647
48106
81895
35505
60052
80387
68717
77453
67917
63145
80772
79294
66201
73130
79520
77081
68812
66304
73256
79712
75949
80852
74561
69248
78060
72539
59257
64426
80000
76069
66237
80936
80580
69752
63482
68980
55085
82186
77307
66882
71616
69112
79352
80239
42401
78248
67162
79936
79333
81608
77986
80013
69950
79324
62440
63339
66480
80223
80320
78255
75029
79964
76932
70764
80116
63346
68064
67647
72768
75653
80038
80165
80397
76310
77756
74142
66675
80940
65266
80534
76673
81159
81299
76496
68156
68147
81537
68000
74027
81090
65464
80574
71350
78749
68543
79594
69926
71388
81003
75294
81182
82145
80024
36706
33906
78608
80135
66886
65911
82841
81588
61830
79292
57762
73923
69065
79099
37875
72853
66850
82402
81477
63029
73153
59171
69100
64637
80728
81301
71790
78940
57337
78995
79824
76407
80015
78733
81523
81068
81637
73385
69215
81001
74441
79403
81885
80492
80384
66557
77952
45108
70619
46617
72136
62872
64696
65811
76600
79691
68512
81587
81523
80081
80071
77666
77642
77506
63409
80226
68794
60359
70304
79501
73980
73983
77346
78564
81263
68775
82182
81597
47789
48317
66750
83326
64005
76603
40484
67581
74219
79639
37625
76614
78959
71560
80963
79880
73669
75010
68449
79559
81912
79923
73499
80418
79948
78258
28922
66479
61343
83050
78829
73943
62162
80988
81492
66175
71690
63718
77061
69095
77557
78096
60410
70728
33536
62311
73439
81883
73167
71668
82776
81727
78936
81780
69823
74031
51633
78837
84372
80835
73366
63689
81331
54630
58869
82132
70003
49913
79118
68465
78550
73468
76565
74069
54427
48861
73504
68739
69308
81626
64656
64469
81272
82479
72600
77985
75349
68396
83164
64110
76967
77291
79141
70428
72748
65076
74087
79361
64665
36048
82575
56004
81513
69172
80724
64632
81315
78521
71528
65450
49989
77306
81159
80809
66511
79453
30134
72549
80519
59176
38801
81683
52320
69609
75985
726
61578
82362
78915
75819
46978
76781
77283
57670
70469
74318
80749
65770
77849
78053
77875
75167
74272
74949
66683
63561
74817
80921
79675
73943
58005
78758
75976
50680
58360
81466
79355
79241
72074
71893
77323
63069
69691
79315
63584
77132
75125
80372
19923
80699
57595
73421
76828
58929
79795
50672
74051
74537
81099
69305
66175
79179
75205
77296
62925
69400
80224
82311
73558
81649
73493
72916
70522
64264
81670
78359
81635
30125
74460
47486
75675
62757
68899
69928
81505
78890
71022
22754
56204
58759
76136
79833
48921
44410
61737
78673
81068
71864
78539
69065
76097
66041
70597
80298
75310
79513
74735
78172
63218
73254
70251
79822
75642
39892
81289
79690
82843
81291
72185
75169
80757
80860
40459
39437
78614
80240
61637
76511
66505
83238
78112
76531
79480
47404
76301
80383
80362
55068
80293
79664
71968
79511
69485
79288
64908
38963
70604
79988
74640
70326
77407
69771
67081
78541
59881
56396
78861
82016
75860
73653
79975
46517
81081
70565
73476
76831
72263
59755
80486
53233
35153
70190
79635
70608
67622
74086
51563
45051
77014
45150
77786
59353
61735
77358
52675
78367
74955
79995
48046
41974
81993
45893
73911
82030
52824
81578
78376
71701
70275
65617
81500
78543
78904
54943
78763
66271
70059
78575
74253
77781
79802
73583
78417
75462
74159
71904
74034
62102
80314
50898
42510
64617
55039
77560
76967
49512
73673
68995
51939
82369
70886
77958
76897
69616
20490
74313
79524
74449
78938
78784
47712
69546
77111
50372
65886
78410
63377
77606
72644
81269
78999
54511
78761
65183
78241
81044
82188
74172
72348
74288
79455
58597
68458
78064
74814
81554
78540
76823
48968
58611
71130
46764
71523
55112
75146
73695
80088
69573
76827
68212
75405
76076
80502
77261
47310
80111
78352
46694
82044
72404
80288
82938
79130
75581
82197
66445
79533
65623
79268
78909
81414
74185
77561
76927
69340
66571
79585
60961
71637
79523
77080
75710
81805
72024
81487
79927
79522
76775
75632
81811
36055
68454
59578
68621
78860
74481
64737
59921
75438
74790
60303
65130
60219
63989
78256
83409
72000
75405
81133
77907
58918
77908
60434
72852
64019
56364
75594
78982
78753
81729
69246
73155
72218
80109
58375
75796
70872
79535
74537
74815
80735
61322
78101
74253
80932
81498
77599
79534
77323
60101
82169
71078
81913
80906
81620
71917
66822
74148
72635
76732
72975
58162
76616
74065
73799
77149
81836
47138
77966
69912
82274
81231
83327
77395
75640
77768
66631
66802
68195
68779
80782
59111
52782
81083
78081
53232
60141
65017
65588
79914
68224
62582
79444
71879
16925
79087
72608
46088
73127
78022
70219
58910
70992
77558
78675
58776
16430
80584
79072
45065
67263
54558
80831
68914
71559
66386
69234
66539
58133
64790
74987
75374
62751
81549
75805
80547
63108
46839
60209
56323
72859
80668
81155
73308
76712
74671
66290
75186
77604
80323
82796
76816
76705
72823
75140
83204
59019
78743
70029
71472
30836
60804
76201
63446
51529
78750
81798
69628
80906
79920
76956
63634
80684
69544
64898
79015
82421
60312
63624
78020
79336
70642
61697
79828
69988
81860
74206
78743
78238
77088
68686
72590
46416
73541
80050
75657
80970
70463
80272
82044
78672
72836
80233
53411
80617
64708
76312
69891
76389
74198
80888
45105
48433
60418
43511
81754
81537
75758
74302
79381
81840
69027
65445
59075
76123
59437
77862
79807
80549
57705
80239
76804
57731
79848
43986
80076
80297
76471
79664
67449
80558
76038
79602
78088
76013
74979
82253
81338
59616
78782
78776
73544
68178
65255
79206
81526
65551
78018
76647
79246
71007
16984
78735
78482
81556
67189
78108
76144
75572
63972
78745
68074
71669
76099
79540
81283
70274
79648
63454
66696
77019
60280
77601
80134
72154
77339
72501
81512
69172
66121
64182
81021
63335
78898
69176
77601
77951
71949
83400
77864
64490
68211
45742
80213
78761
50041
79836
71244
81063
80082
70966
57503
62103
80034
72924
77337
80675
82285
67529
52517
81115
76809
80386
82545
81204
80919
73297
79403
73168
49676
44475
69965
82513
68888
51302
81320
76225
80220
81463
72718
79650
54264
81497
78016
76569
79341
59024
73555
79843
79797
22103
75329
70619
68745
61240
81994
77947
50511
61289
74988
78109
81714
70290
59758
50756
68915
59758
65513
77388
83920
83296
72017
62961
81088
69391
76945
61964
65053
69667
80124
83580
82606
52894
74692
76436
71171
72311
76906
79784
64154
47471
77941
68232
74500
79076
80197
66483
72924
77293
79998
82251
71784
81129
76651
57855
78203
76916
50428
77484
79833
77283
79475
78490
76854
80862
63561
80025
69623
75139
80038
79439
79786
81889
59675
77647
81158
82400
74906
66694
64314
76295
37615
80385
76317
81992
51882
51626
79460
82601
79037
78081
44274
77098
35010
73538
65612
80607
82444
80951
78290
80152
40580
77135
40187
69568
80041
74585
45603
76341
75702
68805
55222
80319
81532
77854
80064
81043
67002
81085
83255
72777
75889
72340
61807
35875
60127
47304
71930
82220
74563
66965
78745
71204
60646
79369
83676
80545
74489
54716
77839
71429
56632
75864
74636
75501
62669
83066
73983
76855
82465
79552
63734
72118
82593
60947
75863
82018
67069
77816
67135
75939
67266
77507
76088
73194
77418
72560
78569
75963
79799
83570
79558
80173
68235
67035
80205
78190
79142
66668
76501
76897
65699
81228
76277
77894
64289
77465
76482
77224
61426
74648
78405
79605
76397
62277
59348
78492
71067
75258
72141
59475
80807
80073
79090
35874
79934
74850
71601
73053
82152
64705
82294
80768
77381
36338
82285
79836
52448
84048
70242
69688
57656
80150
79845
72085
77527
80869
78251
81097
65326
73117
72506
72174
72267
81681
78824
73544
80389
77405
78860
79589
73441
62338
59464
76419
71381
56266
76374
81426
78197
79478
81325
79957
64371
76340
83086
76742
76769
77040
81806
79245
67635
35287
80773
71856
76137
73578
81663
64138
51616
71643
58176
78291
79857
75180
75673
74402
78272
66125
81788
77438
68062
76660
67535
66704
80800
75733
79216
79885
83355
77104
68757
62694
73541
78895
82935
73892
78993
73377
81384
24481
72536
69299
82470
81405
79514
68367
82419
68417
79361
74546
82580
75548
77898
77714
66446
59382
79634
77100
67657
66930
76415
72579
80358
72805
73861
76062
70638
60321
81965
68776
71550
79079
77629
45165
77524
76984
76718
40543
80646
65504
57482
72185
76633
70864
70925
64893
80230
39207
61410
80857
78753
71072
79685
79423
77125
48429
77755
76785
77820
64610
73378
73150
68561
64371
55117
75664
79602
77809
73374
81980
73986
67791
79522
63031
76100
81465
79868
64448
72026
48527
36099
80487
70342
78207
70412
75924
77481
76555
77540
76734
77087
77152
77418
73865
77045
72749
68829
69395
74138
14781
41346
68010
80262
66819
80682
69014
57613
82869
77008
62586
74566
72269
76054
81216
79721
74692
62130
62195
81334
80774
63720
71308
72848
53394
74580
65585
75015
80843
68678
77156
76038
72011
33722
78845
30470
53691
73217
81719
77650
79026
73469
78075
81391
67335
57485
78205
34719
79941
79164
66942
52302
80317
72979
67804
77393
68840
71244
81626
79298
81682
58451
79705
82641
79680
10517
68942
76154
70313
74777
70782
79992
77879
81233
78736
74395
71341
81353
61711
79260
76478
78116
49653
63532
81156
65490
39589
64610
77709
81844
81877
75950
68040
77447
49826
81020
78262
59276
67993
73613
78424
81143
67771
81292
77867
68671
77276
63684
80205
78315
78506
49767
78684
69780
63872
72655
81371
48610
58224
79934
64805
54685
79136
66610
82723
67319
76466
61208
73704
74914
75891
74970
81613
79716
73593
82324
66812
71791
60017
82897
78146
81697
76448
81267
80616
77478
74580
75614
79222
77673
78464
68940
81821
77493
58911
80326
75823
77941
70610
53762
64802
77742
80450
74544
71925
73252
67374
67101
64713
69604
80442
82891
51559
74140
80913
81463
79859
79967
81983
76485
82223
80868
61860
74042
57202
24078
78690
76976
82672
69989
44768
52321
81104
80425
80626
79022
69333
63620
56812
76544
72879
81826
78405
77492
68492
72376
67990
81594
77182
47113
51226
44158
63195
75914
64827
71428
78327
81502
82848
79374
72160
80487
81401
59227
54420
69172
40229
71588
34369
55968
17712
70012
78049
69201
80956
72799
76997
78709
82328
79801
80769
57899
60979
40858
81881
81118
73098
67491
53759
64599
75484
72666
65109
78183
67860
55688
77361
75862
71688
73098
82032
46209
79494
78354
74195
23929
73508
75988
68148
64418
76079
78026
81282
79117
81575
45145
78318
77632
61874
78559
64156
56445
68174
81833
50677
79721
60718
80820
80507
82680
80914
79716
79584
63964
77612
71163
72371
66833
81181
80546
75166
68983
37452
74771
75974
77818
53045
70845
75412
81875
76958
59397
79319
75344
79258
77308
80602
78011
81061
81473
78891
80084
77082
76748
74543
79910
79538
61785
71429
78726
80050
83225
80361
55319
82381
76874
52303
82938
74415
79125
79496
80784
66811
57200
70986
83443
72662
67716
79760
61993
76681
57059
72386
49968
36821
79998
77563
72966
74162
81555
81609
75959
78942
74955
71610
81238
56179
80739
77473
73095
81771
79369
77005
62365
79617
72752
72868
80049
73779
76976
80605
57208
77389
33936
80537
79947
72340
58192
80197
57964
75883
70033
51794
64359
15251
56583
38627
72634
72061
51863
78608
64754
55547
72942
77634
67153
78739
80871
74373
74612
80005
55849
79914
76469
79868
74289
75016
78771
66116
55738
78962
80301
64823
52233
71704
57649
75034
72400
79592
75442
79529
47472
67521
82377
78489
79654
61831
55618
63103
76416
73825
77407
76589
37197
66786
74505
76984
72669
50742
50965
59211
54349
70725
71355
72486
73627
60128
77610
80516
60485
81231
59533
79769
48089
75817
79197
43218
76739
79997
81037
79965
54552
60734
53921
76764
78341
79331
82231
80750
72491
69408
80119
80320
76772
55523
40982
81136
80861
74924
76180
76268
77386
59717
43354
81680
80773
79063
76074
80933
44331
66054
75958
40947
77678
72201
72508
60749
57017
61067
82491
35722
70068
80439
74208
75915
71865
75173
66091
77800
65567
79718
70684
74154
73329
74362
82077
60849
69308
75444
62028
82008
61053
73497
66343
74334
71101
63511
75288
79563
73948
78127
63952
79644
67214
77902
77485
81281
48124
43554
80765
66619
78290
55060
78676
74805
76007
75077
82197
71925
77105
50892
80538
77899
74313
79822
80212
58892
69299
77726
67143
77349
77851
77024
69249
74453
72469
83116
78949
41636
23450
78168
71510
82490
78843
12759
26199
33531
75655
81521
79302
80031
80795
73149
79636
76766
80690
57230
66270
78012
74152
67631
70635
78901
32298
74645
71832
76422
75198
77766
71392
38736
75777
57220
53655
58168
76802
75786
73785
77077
79837
79691
80794
70503
82925
55085
75446
77931
56051
74469
72584
80343
76093
62922
47353
39445
79045
72592
53936
79590
80193
44427
82020
45196
81836
72051
77970
44471
80271
82264
82263
79372
64592
81577
64097
70016
79141
58700
75832
79593
80621
80770
78499
72546
83012
78573
57840
73699
80296
59331
76866
70520
29825
81057
77946
72037
81605
83139
80058
68847
66036
76881
36483
76506
59053
74846
82352
79835
77284
80481
76202
77259
71601
55918
82466
68954
70336
81198
72785
79451
82406
72177
68053
67393
81228
48021
76858
56029
52007
78540
76907
65560
47107
81582
79296
79858
75084
81751
72938
73833
78237
76321
72991
81046
60409
76523
78768
80869
73522
57684
78276
77751
19068
77720
79899
73622
67040
78987
46537
80117
78114
36089
64955
81091
80508
81798
54790
71136
79273
65962
78435
76946
71202
40189
70353
71119
61532
76178
60554
70138
77109
80972
80500
80527
72920
59494
68841
75580
82586
53466
50004
78329
75799
80209
63297
80840
73877
58825
71907
77012
79546
80293
73779
68811
78626
65524
78636
74287
69008
39375
77042
68749
74166
75015
68338
75243
79501
77561
77965
70085
83772
52777
63806
80121
74390
71605
80649
73252
81859
74526
70649
73267
53828
56659
70087
82271
75857
43947
66585
79454
80110
73574
75900
75818
81098
76270
56849
77568
72173
78888
77090
79481
74305
78095
52995
57107
76670
79089
76371
70204
66132
47933
69768
80484
64663
62031
73132
58096
79991
79566
79207
51124
63350
71872
64126
80192
64407
77497
79101
79963
81612
78625
73101
78955
56627
71388
65869
81113
74353
78718
73382
79338
78974
76618
72484
80095
79963
70714
75996
71571
46530
81537
60604
49031
59174
69344
81044
72922
78304
76208
74468
68384
61699
71738
50809
76242
80175
69235
64879
80637
67196
81359
79112
74791
61404
80658
67036
75194
75794
82844
78062
79014
67361
46460
75674
79131
81417
80446
56386
64243
58876
78337
71927
79805
46764
78609
57028
61762
74838
78905
79812
74600
51134
77507
77464
65940
74861
78530
57218
52432
72666
69316
79095
77143
56022
81457
73721
79145
57039
80817
75133
73412
70147
72945
70448
71189
73660
79294
75161
56265
75770
72853
42432
66368
79522
46607
78083
73756
51134
81084
72558
58568
63925
37797
70288
79168
70422
78340
81204
79848
78739
78575
61650
44543
80586
53567
68647
62268
64134
81201
76305
64585
50636
57396
70586
72682
34089
74334
75680
62377
61914
80742
80469
81871
79689
73609
76620
22087
67707
75022
38183
78950
71589
80736
77470
48168
79269
76659
80047
75342
36324
77705
74867
68636
46183
61218
78323
76201
72184
66369
73331
83193
57181
69616
82574
76753
68796
73267
77195
73315
80558
74463
56491
72051
51630
79312
77758
82689
80495
82452
79627
81298
77840
81498
76094
71867
81398
79669
79138
60417
80285
78620
71612
72955
68583
82333
79440
74414
60668
69495
74033
80500
71395
63322
79777
80338
70026
77551
66298
79320
76337
62085
78269
74370
82680
77040
64143
53099
76210
78142
58585
61594
81426
64421
78049
70712
68340
76538
63474
75656
65251
54005
71622
68821
73924
78839
77902
81523
56980
57295
82409
81888
78295
79342
54409
80300
71338
75344
61701
50823
64260
73548
76435
76888
79000
57532
24450
76597
73879
80168
80349
80194
46581
81835
75928
80703
76353
76962
79583
66643
62118
64786
61400
80679
78304
80182
81309
65766
80168
66922
71350
62079
74834
73464
71796
79722
80087
76062
79766
81178
58815
74643
68746
80080
73835
81688
73276
68991
61243
67340
62250
77259
81065
59978
77728
63081
79402
72099
48525
78840
74919
54977
66418
80994
77418
66736
78581
80781
65344
79039
74067
62868
64932
78286
68524
52285
76674
73020
72785
82126
80729
58467
82642
81354
72535
77026
72696
79910
81846
74717
72749
72207
80074
75411
58112
82337
70147
58070
72306
67082
74551
74659
82001
81211
77306
75288
81353
83158
69019
82672
78107
78926
71450
67484
77591
80727
73388
63347
78066
74768
70546
78665
76868
66504
78248
66155
65632
75243
54683
58334
73951
44450
70619
66940
78843
76252
71996
80870
28142
82010
72585
80556
77634
73678
79716
79899
83631
75533
78344
83481
42625
74491
65496
78707
81943
82747
71780
81277
62690
70637
68005
75186
75000
72881
77293
56212
68022
60234
74696
82814
75144
59411
63396
81347
81489
77622
57108
70652
46126
73569
64724
78229
66126
78238
71002
76649
76029
62437
79891
77925
77915
66518
78224
81147
65890
63595
54967
58755
73175
73531
79644
76358
79501
78920
82857
81713
59080
67116
79408
78773
76615
69635
51628
73365
78805
79614
58660
72997
53363
64932
59551
59208
78684
71111
80571
79622
42176
62011
80194
79341
67070
77036
69778
77817
81896
46693
71855
65482
73773
72498
76173
63415
74599
79317
70514
77787
50358
76365
79473
50229
68806
81392
75998
64246
63410
82019
59110
75514
77761
80899
75977
72375
75225
56555
81885
66868
80110
57535
78929
60724
81245
79363
82360
82248
80540
61117
81023
57101
81133
78700
59997
78763
81379
80566
78252
59060
49076
75794
79990
81283
72324
21109
76356
45389
77665
79845
70129
65783
79993
74846
81983
78953
80345
52385
79389
74563
79293
79631
83750
79052
73008
65318
77861
75250
52486
77520
80896
57407
81719
77702
80206
56745
82740
48365
79480
82551
39721
77444
76476
76084
58147
62518
81861
78521
75413
68516
81869
72934
83101
79343
80135
72832
76495
74312
79383
63847
73099
65539
81826
78330
79124
81741
75902
31998
77438
72456
29242
80272
75566
81193
82231
56422
76879
78286
49055
66526
35553
76674
49201
70930
68572
82598
71089
80342
83352
65040
77940
70632
75266
79432
82126
77390
58856
68472
69578
78335
64222
62543
48275
72783
72889
59177
78567
72972
80438
78914
81216
77712
76621
30379
75560
71722
80229
77381
77077
67248
71362
71849
46648
78141
68419
55611
80435
57463
77105
69137
63335
82672
59230
80579
60623
67758
79595
82281
74600
64008
77402
56188
66414
77498
77053
76859
77974
28426
72703
79880
66578
75891
78967
80592
81065
79236
71444
81556
62011
72126
80131
63852
79578
74642
79579
70868
59171
45592
72329
73873
71854
77686
51852
77918
72074
83008
52360
69903
79126
70607
76280
15725
57434
76636
79816
63497
81412
77812
77767
62318
44500
81276
77882
78380
75866
81911
53182
77811
78183
81717
75988
62675
61099
80498
79197
68830
81434
72844
79893
76639
78334
72235
79552
77862
79398
61788
72400
64706
72563
82065
82365
79582
72617
78035
67209
80372
72540
77903
74966
75820
81396
74672
57701
71403
80245
75534
52851
78457
81248
77016
54869
68094
60855
81048
71342
71703
81735
67202
74558
74535
78498
29918
80104
72568
66476
80685
78276
61951
80253
69104
68520
72253
64419
68878
70686
78858
77732
75816
58213
78545
82953
75806
76359
59687
80161
80082
72529
51491
82374
48163
26055
81310
79444
70315
81486
45968
70259
76101
60535
75961
82306
62578
73160
81247
79541
64034
75606
62396
77387
63010
20849
69090
80812
80234
80822
70613
74658
65254
80905
79581
76856
68436
76440
79106
77381
74862
74860
78296
74612
74021
82576
41576
74864
74837
68347
80393
41004
84027
80874
74612
66087
77083
54429
76415
56717
80412
82178
69318
78486
81787
77554
81351
75250
47355
45440
75635
72582
76304
79606
78387
69295
81191
57466
81202
78034
72032
67548
76918
77890
77705
75288
63328
79233
77113
78736
28370
75263
82423
72393
66688
78959
72533
71458
77117
71720
79095
71415
61900
78030
58168
73236
81062
52271
70420
64827
78708
76209
74975
81503
78001
79164
75923
66039
75568
78259
69657
66255
57340
59560
79877
63696
60119
82784
79861
73926
72273
80300
55831
82381
75804
75938
70361
81934
77092
69004
56176
81181
57285
81264
78737
76609
72017
75781
79783
69086
82719
70349
79659
80104
78903
82560
59828
79017
65852
79462
74942
81115
57764
73505
78661
80965
63336
26395
81683
70863
45454
77783
78667
73936
79970
72936
76653
81743
77231
81063
55044
75400
60566
69234
65335
79659
68920
77275
80221
64255
63468
81037
64151
81337
73137
74002
57233
75855
67186
73705
66634
73555
79002
75371
78122
67324
81391
76887
75739
66191
59588
72745
81066
80794
79222
32987
81553
76716
70776
59351
70450
80435
66999
67040
67356
80586
38685
65117
65473
78086
67489
71536
70297
77598
79304
79758
59145
78744
79595
81213
78617
80844
68453
77089
72357
63428
81326
31690
76654
63179
60072
76879
58812
79973
68745
59327
73552
79512
79220
78235
69159
76344
81236
79664
72645
80672
80491
83497
69661
78937
54437
79364
79526
81166
73814
74698
82070
67779
77190
56118
71231
49460
75835
64225
60154
66387
52587
73981
74186
70853
83072
77621
81230
81861
78397
66600
71021
80918
69072
77633
79416
80821
77933
81533
80395
71386
79506
72363
71407
76369
77990
79132
79709
79786
78302
81942
79809
62392
80276
60203
77016
60318
48669
49543
77659
67057
69530
82757
64551
67719
81198
69108
71935
78899
61199
76104
79356
76635
76626
78235
58028
73504
75367
74928
77171
77812
69168
68590
62497
81314
83039
80589
81414
75456
66635
80689
75441
64787
71840
71216
72411
79707
74656
82178
83193
71856
55271
80637
79670
65111
40584
69942
70572
47034
74877
64603
81878
53542
80550
74598
63390
59881
63590
79072
77379
79808
78398
77235
78651
54943
77183
79277
80343
75026
74867
76510
44138
29955
73190
74853
75066
81021
70892
77343
76935
78365
82105
63106
76117
75829
81095
78910
75754
80160
58705
76400
79044
62703
79416
76518
79483
69553
61892
57975
76191
68724
77978
81136
77912
70810
80877
54333
64375
73506
69707
76030
75229
77391
73554
77031
82200
53669
78624
29779
83212
81704
72538
80991
69295
75175
76288
71704
69767
78658
73788
67890
80665
81766
49923
78465
72654
64269
71875
64611
77475
80501
67023
70254
81157
82239
75107
73258
81715
81817
61274
76105
69196
54637
78514
39425
40898
70616
73174
29052
58535
81374
77541
24461
80262
76022
42448
72221
58378
50148
80905
79328
73477
80249
53931
79997
80246
57420
79656
61314
79447
74748
80098
67762
77137
71407
79057
82089
71845
74708
54792
66055
79195
79672
76603
81976
82570
73045
79429
75564
75666
52178
81166
73555
78366
78317
73226
72754
73900
76117
80407
59550
52683
29146
61351
51897
58393
80147
51815
77799
76978
69718
80355
68843
81699
70429
33416
63695
75238
81067
65403
60135
63488
69041
65917
82138
73635
80611
82512
80990
82162
61272
75585
63222
71980
77259
66317
76915
77233
80557
71099
63036
72182
81558
77219
64200
76058
75264
79421
34850
59472
78824
78318
68092
69014
78498
62184
66019
77347
72303
82692
42700
61338
72110
68422
78462
79078
77330
79968
78462
72599
80457
77816
77442
75864
48440
57571
63783
71716
81153
59351
82136
55821
74646
68516
77622
66665
59957
68442
71391
57233
76503
79136
82084
80866
34251
75938
71554
77980
75931
81088
79453
82361
81879
79798
72015
71322
72099
47385
80433
61926
80919
79282
77723
27913
78959
81050
65878
40488
55483
74152
68385
67944
74287
52070
74509
80099
45234
64594
80683
55841
56037
59354
71429
67897
52945
69720
77840
78353
80498
26153
65585
79356
73763
66976
56001
81214
41995
78640
77582
58186
73209
82658
47033
59549
74032
59846
57949
76898
76430
55539
79677
81506
81179
81771
75309
77792
77523
80581
72949
55833
40061
56760
78584
77565
78937
62177
63370
75895
67040
76086
77495
80972
77880
61949
72837
55400
74629
76113
55514
81880
77294
23582
78877
60127
78178
82083
71167
65337
58947
78872
74384
75997
71232
71879
63879
49051
81387
62168
79520
79999
70316
63226
82498
80725
82097
78583
72245
78227
54102
81590
81760
83348
78255
76077
82179
76613
41311
47191
70480
80071
57242
82256
60930
79110
65783
77195
82781
69068
76307
78061
82984
75885
76091
80045
72185
73013
40430
79261
81664
81109
59851
73641
79905
80474
78745
78062
75736
76304
28187
81203
84276
70735
77284
76971
80586
78668
54654
60247
74069
81326
69118
63560
73305
57477
44086
80850
77877
82851
75053
72207
80365
49444
70362
76035
52909
74665
71122
79674
77473
76699
78114
57918
75018
55242
66099
79394
76404
59702
79753
81494
62974
50739
16232
74506
79494
80813
63414
78955
54290
65960
72436
79711
78712
75683
75589
68843
78493
50865
76745
74798
83149
77572
80025
79407
74238
49431
61742
80348
73165
71842
48276
76482
76216
57605
73671
30824
78990
5833
79089
82602
70670
79556
71680
59133
77114
70357
76967
80555
79940
74307
81028
77788
62378
63978
74978
80273
66612
77102
80279
71156
78498
64393
76063
77813
60333
59571
75480
43951
75607
73241
79353
59808
76046
64439
82957
80453
76789
79605
71963
77506
66517
80290
76408
53107
63053
63109
82597
82024
64423
59800
70286
75903
66161
78953
76247
67779
78876
20782
70782
80470
74757
74189
69234
76167
69224
46416
54423
81941
78910
82891
82605
70845
53026
81563
80292
80437
63408
71451
78725
77631
79848
78926
76912
74186
78605
81813
73020
74171
65101
71944
78970
73446
62514
71646
79334
81312
76830
61703
75671
76517
82693
69350
79303
80341
78794
74587
73208
81143
76124
66631
74348
76903
80481
79191
66416
80165
78159
81336
76084
75193
80751
65462
76102
67474
79570
75202
76356
75882
66338
70928
78313
66706
77384
71327
55200
66251
71664
79233
71750
33055
81862
78512
53040
81348
68081
80634
82588
54098
82260
70560
78549
73762
68934
78427
63550
80010
70808
70522
78735
79184
62465
64050
82502
75486
78761
78335
77685
79530
81527
79679
60633
78730
75392
78837
80012
84255
59745
45042
72824
74009
75025
74086
52959
78971
79101
74672
78137
59373
65637
75065
50104
72220
38537
81816
59028
74653
68556
78367
76391
76318
53706
82144
66961
68515
69767
80766
79759
63512
71034
72246
77744
76446
65861
81888
81028
83105
75975
57194
66400
73995
82627
59346
78677
75874
77081
79199
79177
70268
62248
77518
75229
81805
74176
74798
72973
77123
81541
70737
80629
81885
44334
74946
82230
73168
80902
81995
74428
75012
72505
78253
74884
65792
78006
73066
75345
80999
76515
75157
47437
70673
75171
45336
80996
79663
78298
80513
46152
58096
50901
73321
75593
63935
45337
78370
78736
42941
77764
68245
81560
65338
79526
67596
70526
72275
73334
73893
79842
70518
51182
76652
77945
64760
73459
66494
80593
81351
80005
81415
14968
73066
61072
73362
30497
67169
81492
76116
77545
75888
82002
66713
59609
80640
78157
79098
78091
79162
76121
76709
82081
56995
72556
50992
64381
77886
78117
77647
72226
68117
78913
80419
69419
77922
72225
75706
74963
31744
72192
72023
78291
47518
69385
61284
81479
75704
71076
78838
45925
80622
57655
72262
65102
66917
81048
82705
82730
81039
82690
81572
73249
65461
56762
69863
82029
79107
77291
74776
66144
62635
72520
57062
74182
70741
74541
81594
50478
81211
79882
51178
82713
81787
77414
61408
73126
77740
73019
70458
81860
77602
58011
46087
80785
66202
65702
76161
79290
69125
53551
79213
81364
58045
72294
65328
62819
76249
64456
75500
54428
80408
54760
75993
37406
67960
63874
76755
58342
80502
68570
79343
72129
80967
81302
77777
56627
79730
70019
61007
49375
72210
82333
51906
70567
77764
66719
76831
78665
73599
80681
80046
78912
72385
81144
67057
60429
31384
81088
70878
71081
78339
54263
63706
76602
75673
76040
70038
75014
78290
81804
80400
75370
79156
79618
79661
80565
76917
82309
76612
68744
80353
57373
56618
81778
59126
76744
80161
73892
55789
50557
77584
70232
75448
63350
76868
81304
68949
65129
80469
37568
73449
80414
83333
74656
32423
78949
64584
78611
78507
71839
59387
78095
72415
65831
59694
70907
76524
82338
54318
64145
48643
69570
79180
71405
74916
58564
77827
57092
79857
38092
58689
65674
58822
64618
80981
79713
72910
77848
79566
79725
54981
70422
69371
78520
79410
79952
57283
38203
53185
82668
72869
75950
47712
55925
56045
79502
74084
81628
75530
77452
78571
14740
68511
62396
77103
77397
75948
80768
51899
81382
45991
63826
54963
68713
79258
77108
81146
77113
76072
71131
80218
79052
49081
59293
72757
81453
72204
80500
68522
76044
80049
48237
69484
72442
70282
72375
74209
83025
80949
55626
70803
77146
78458
74736
81983
71915
71506
80965
54894
54300
72838
75666
74239
65179
78008
80522
68596
75290
74602
82116
58410
72434
68187
72638
77680
73332
75043
36340
69320
73693
68281
72644
73612
74840
53363
70499
44291
78698
75564
79982
77308
75636
78061
80483
71756
76245
57489
76628
81684
66206
77629
63541
75575
15352
75326
65974
72672
48972
82496
80409
69007
79777
75800
64010
79838
53926
72522
80298
69427
51354
69965
80631
65147
67022
80146
76739
79204
83132
49708
81275
60211
78544
71826
63365
52732
78265
47939
78576
74593
72123
63390
60995
63815
81060
82337
72094
77769
76852
82128
76179
83152
79156
66034
81353
48325
52105
82340
79332
74450
58517
80608
68249
76450
81089
74556
56644
80754
36700
78400
62576
70879
53737
79587
82128
77157
67434
54360
65393
78426
57953
75677
71709
81485
75674
48106
75331
81853
77698
29260
62302
80451
77017
71484
80280
80715
81357
46398
73206
71807
76490
75914
73425
79185
78638
76135
77464
83060
78552
75665
81758
79568
58172
64297
78912
81086
77207
75504
71648
74858
77981
70580
80873
81816
71555
81195
68655
75853
78565
76580
67691
71505
79469
43675
81270
74443
41369
65677
76950
34681
82079
56043
75637
68892
39033
81143
79510
75336
66034
77721
62486
76252
35704
61006
60036
81908
77399
78875
80637
77988
82507
82267
73214
75323
80824
76059
65935
70824
74538
72210
56906
72241
79509
77363
61921
60648
79440
80519
78277
79143
77198
78515
63765
80099
45231
48678
71882
77204
73150
57946
77909
65964
77188
76075
81010
80716
70976
79323
80839
72758
24862
80395
64783
75608
74984
80648
80031
73521
76328
57939
52763
73337
79304
68906
79622
73798
78419
66406
81107
78650
77491
77151
71899
70907
79815
68560
78956
59915
70193
81680
81775
35744
59777
81565
82813
57008
70954
78736
83089
80151
70333
72900
53961
46653
79154
54312
70431
40851
80677
77407
82555
80911
29249
82321
80796
81251
78652
73628
61191
73146
77077
74989
78821
73253
71471
59360
53667
69047
60920
75890
74281
74980
59431
47627
33983
33839
77813
82783
80419
75018
69099
64896
78300
74023
77609
53987
62126
48630
77801
73009
66716
78852
75385
77785
81963
79116
74841
66452
75026
34529
76383
27434
63978
34419
79280
72474
50651
77365
70131
74244
59832
81313
78046
76712
79742
72014
78096
54341
80340
80453
75870
66636
80389
80359
54703
45114
64416
81981
78410
62974
81131
54261
70906
68931
78465
57860
52264
77395
79286
81192
80142
71617
66072
75254
73752
72872
79865
81401
61131
52055
64583
64277
74612
77856
72304
80180
81054
74275
81126
76894
55892
76704
74089
68136
68925
81330
75356
73016
51422
79910
68680
55631
55143
25358
74109
78531
81372
80575
79297
81759
80602
67804
69834
77643
80083
72381
79259
72096
71854
63830
58163
56475
81159
79804
73513
69729
65430
59981
52187
76210
79786
77843
70870
53593
68147
74250
69882
59682
79092
68452
78060
57613
66708
59316
57086
73810
78439
73357
82187
62608
80555
46487
81510
44597
76796
78920
80908
45725
77781
78714
52698
75970
68967
74259
78270
81723
79280
