Case- 1 4
2 0   0 0   2 0   2 0   
Case- 2 4
2 1   1 1   2 1   2 1   
Case- 3 4
0 1   2 0   2 0   0 0   
Case- 4 4
1 1   1 1   2 1   2 1   
Case- 5 6
0 1   2 1   2 1   0 0   2 1   2 1   
Case- 6 4
2 1   2 1   2 1   1 1   
Case- 7 3
2 0   1 1   2 0   
Case- 8 4
2 0   1 1   2 0   2 0   
Case- 9 5
2 1   0 0   1 1   2 0   2 0   
Case- 10 4
0 0   1 1   2 0   2 0   
Case- 11 3
2 1   2 1   1 1   
Case- 12 5
2 0   2 0   1 1   2 0   2 0   
Case- 13 5
0 1   2 0   2 0   0 0   1 1   
Case- 14 3
0 0   1 1   2 0   
Case- 15 3
1 1   1 1   2 1   
Case- 16 4
0 0   2 1   2 1   2 1   
Case- 17 3
0 0   2 0   2 0   
Case- 18 5
0 1   1 1   1 1   2 1   2 1   
Case- 19 5
2 1   0 1   2 0   2 0   0 0   
Case- 20 5
0 1   2 1   0 0   2 1   2 1   
Case- 21 3
1 1   2 1   2 1   
Case- 22 5
2 0   1 1   1 1   2 1   2 1   
Case- 23 5
0 0   2 0   1 0   0 0   2 0   
Case- 24 2
0 0   2 0   
Case- 25 2
1 1   2 1   
Case- 26 3
1 1   2 0   2 0   
Case- 27 4
0 1   2 1   2 1   1 1   
Case- 28 6
0 1   2 0   2 0   1 1   2 0   2 0   
Case- 29 5
1 1   2 0   1 0   0 0   2 0   
Case- 30 2
1 1   2 0   
Case- 31 4
0 1   1 1   1 1   2 1   
Case- 32 5
0 1   2 1   2 1   0 0   1 1   
Case- 33 4
1 1   0 1   2 0   0 0   
Case- 34 2
2 1   1 1   
Case- 35 1
1 1   
Case- 36 4
2 1   2 1   0 0   2 1   
Case- 37 3
2 0   2 0   0 0   
Case- 38 4
1 1   0 0   2 1   2 1   
Case- 39 5
2 1   2 1   0 0   2 1   2 1   
Case- 40 4
2 1   0 0   2 1   2 1   
Case- 41 3
2 1   0 0   2 1   
Case- 42 5
2 0   1 1   0 0   2 1   2 1   
Case- 43 5
0 1   2 0   2 0   0 0   0 0   
Case- 44 3
0 0   0 0   2 0   
Case- 45 3
0 0   1 1   2 1   
Case- 46 4
1 1   2 0   2 0   0 0   
Case- 47 4
0 0   2 1   2 1   1 1   
Case- 48 5
2 1   2 1   2 1   0 0   1 1   
Case- 49 4
2 0   2 0   0 0   1 1   
Case- 50 3
1 1   2 0   0 0   
Case- 51 4
0 0   1 1   1 1   2 1   
Case- 52 4
2 1   2 1   0 0   1 1   
Case- 53 4
1 1   0 0   0 0   2 0   
Case- 54 3
0 0   2 1   1 1   
Case- 55 2
0 0   1 1   
Case- 56 4
1 0   2 0   2 0   0 0   
Case- 57 3
0 0   2 1   2 1   
Case- 58 6
0 0   2 1   2 1   0 1   1 1   2 1   
Case- 59 5
1 1   0 0   2 1   0 1   2 1   
Case- 60 2
2 0   0 0   
Case- 61 4
0 0   1 0   2 1   1 1   
Case- 62 5
0 1   2 1   2 1   0 0   0 0   
Case- 63 4
0 0   1 0   0 0   2 0   
Case- 64 2
0 0   2 1   
Case- 65 1
0 0   
Case- 66 5
0 0   2 1   0 1   2 1   1 1   
Case- 67 3
2 0   0 0   1 1   
Case- 68 3
2 1   0 0   1 1   
Case- 69 4
0 0   0 0   1 1   0 1   
Case- 70 4
0 1   1 1   0 0   0 0   
Case- 71 5
1 1   2 1   2 1   2 1   1 1   
Case- 72 4
1 1   1 1   2 0   2 0   
Case- 73 5
1 1   0 1   2 1   2 1   1 1   
Case- 74 6
2 1   1 1   0 0   1 1   2 0   2 0   
Case- 75 5
1 1   0 0   1 1   2 0   2 0   
Case- 76 4
1 1   2 1   2 1   1 1   
Case- 77 6
1 1   2 0   2 0   1 1   2 0   2 0   
Case- 78 6
0 0   1 1   1 1   2 0   1 0   2 0   
Case- 79 5
0 1   1 1   2 0   0 0   1 1   
Case- 80 3
1 1   2 1   1 1   
Case- 81 4
1 1   2 0   1 1   2 0   
Case- 82 5
1 1   2 0   1 1   2 0   2 0   
Case- 83 5
2 1   2 1   2 1   1 1   1 1   
Case- 84 4
2 0   2 0   1 1   1 1   
Case- 85 3
1 1   1 1   2 0   
Case- 86 5
1 1   0 1   1 1   1 1   2 1   
Case- 87 4
2 1   2 1   1 1   1 1   
Case- 88 4
0 0   2 0   1 1   1 1   
Case- 89 4
0 0   2 1   1 1   1 1   
Case- 90 2
1 1   1 1   
Case- 91 5
0 0   1 0   1 0   2 0   2 0   
Case- 92 4
2 1   1 1   2 1   1 1   
Case- 93 6
1 1   2 1   2 1   0 1   2 1   1 1   
Case- 94 5
1 1   1 1   2 0   1 0   2 0   
Case- 95 5
1 1   1 1   2 0   2 0   1 0   
Case- 96 4
0 1   1 1   2 1   1 1   
Case- 97 5
1 1   2 1   0 1   2 1   1 1   
Case- 98 4
2 0   1 1   2 1   1 1   
Case- 99 5
0 1   1 1   0 0   2 1   1 1   
Case- 100 4
1 1   2 1   0 1   1 1   
Case- 101 5
0 1   2 1   2 1   1 1   1 1   
Case- 102 3
2 0   1 1   1 1   
Case- 103 3
2 1   1 1   1 1   
Case- 104 3
0 1   1 1   1 1   
Case- 105 4
0 1   1 1   0 0   1 1   
Case- 106 5
1 1   1 1   2 0   2 0   0 0   
Case- 107 5
0 0   1 1   2 1   2 1   1 1   
Case- 108 6
1 1   2 1   2 1   2 1   0 0   1 1   
Case- 109 6
1 1   0 0   2 1   0 1   2 1   1 1   
Case- 110 4
1 1   2 0   0 0   1 1   
Case- 111 4
0 0   1 1   2 1   1 1   
Case- 112 5
1 1   2 1   2 1   0 0   1 1   
Case- 113 5
0 0   2 0   1 1   2 1   1 1   
Case- 114 4
1 1   0 0   2 1   1 1   
Case- 115 5
0 0   1 1   2 1   0 1   1 1   
Case- 116 5
0 0   2 1   2 1   1 1   1 1   
Case- 117 4
1 1   1 1   2 0   0 0   
Case- 118 4
2 1   1 1   0 0   1 1   
Case- 119 3
0 0   1 1   1 1   
Case- 120 3
1 1   0 0   1 1   
Case- 121 5
2 1   0 0   1 1   2 1   1 1   
Case- 122 5
0 0   1 0   0 0   1 0   2 0   
Case- 123 6
0 1   1 1   0 0   2 1   0 0   1 1   
Case- 124 5
2 1   1 1   2 0   0 0   1 1   
Case- 125 5
0 1   1 1   1 1   0 0   0 0   
Case- 126 4
2 1   0 0   1 1   1 1   
Case- 127 3
2 1   2 1   2 1   
Case- 128 2
2 0   2 0   
Case- 129 5
0 0   1 1   0 1   2 1   2 1   
Case- 130 5
2 0   2 0   1 0   0 0   2 0   
Case- 131 5
0 1   1 0   2 0   2 0   0 0   
Case- 132 2
2 1   2 1   
Case- 133 5
2 1   2 1   0 1   1 1   2 1   
Case- 134 6
0 1   1 1   0 0   2 1   0 1   2 1   
Case- 135 3
0 1   2 0   0 0   
Case- 136 3
1 0   2 1   1 1   
Case- 137 4
0 1   1 1   2 0   2 0   
Case- 138 5
0 1   0 1   2 1   2 1   1 1   
Case- 139 5
2 1   2 1   0 1   2 1   1 1   
Case- 140 5
0 0   2 0   1 1   0 1   2 0   
Case- 141 3
0 1   1 1   2 0   
Case- 142 4
1 0   2 1   1 1   1 1   
Case- 143 4
2 1   0 1   2 1   1 1   
Case- 144 4
0 1   2 0   0 0   1 1   
Case- 145 4
0 1   2 1   0 0   1 1   
Case- 146 3
0 0   1 1   0 1   
Case- 147 4
0 0   2 0   0 1   2 0   
Case- 148 4
0 1   1 1   2 1   2 1   
Case- 149 5
0 0   2 1   2 1   0 1   2 1   
Case- 150 4
2 0   1 0   0 0   2 0   
Case- 151 1
2 0   
Case- 152 3
0 1   1 1   2 1   
Case- 153 4
2 1   0 1   1 1   2 1   
Case- 154 3
1 0   0 0   2 0   
Case- 155 1
2 1   
Case- 156 0
   
Case- 157 4
1 1   2 0   1 0   2 0   
Case- 158 4
1 1   2 0   2 0   1 0   
Case- 159 3
0 1   2 1   1 1   
Case- 160 2
0 1   1 1   
Case- 161 3
2 1   0 1   1 1   
Case- 162 5
0 1   2 0   0 0   2 0   0 0   
Case- 163 4
1 0   0 0   2 1   2 1   
Case- 164 5
2 0   2 0   1 0   2 0   0 0   
Case- 165 4
2 0   1 0   2 0   0 0   
Case- 166 4
1 0   2 0   0 0   1 1   
Case- 167 4
1 1   0 0   1 0   2 1   
Case- 168 5
0 0   1 1   2 1   0 1   2 1   
Case- 169 4
0 1   2 0   0 0   0 0   
Case- 170 3
1 0   0 0   2 1   
Case- 171 3
1 1   0 0   1 0   
Case- 172 6
0 1   2 0   0 0   2 0   0 0   1 1   
Case- 173 5
1 1   2 0   2 0   0 0   1 0   
Case- 174 5
0 0   2 1   2 1   1 1   0 1   
Case- 175 4
1 1   2 0   0 0   1 0   
Case- 176 4
0 0   2 1   1 1   0 1   
Case- 177 4
0 0   2 1   0 1   2 1   
Case- 178 3
1 0   2 0   0 0   
Case- 179 4
0 0   2 1   2 1   0 1   
Case- 180 3
2 0   1 0   0 0   
Case- 181 2
1 0   0 0   
Case- 182 5
0 0   0 0   1 1   0 1   0 1   
Case- 183 4
1 0   1 0   2 0   2 0   
Case- 184 5
0 1   2 1   1 1   2 1   1 1   
Case- 185 6
1 0   0 0   2 0   2 0   1 0   2 0   
Case- 186 6
0 1   1 1   1 1   2 0   1 0   2 0   
Case- 187 5
0 0   1 1   1 1   0 1   2 0   
Case- 188 5
0 1   0 1   1 1   2 1   1 1   
Case- 189 6
0 1   2 1   0 0   1 1   2 1   1 1   
Case- 190 4
1 0   0 0   1 0   2 0   
Case- 191 5
1 1   1 1   1 1   2 1   1 1   
Case- 192 6
0 1   2 1   1 1   2 0   0 0   1 1   
Case- 193 5
1 0   1 0   2 0   1 0   2 0   
Case- 194 4
0 1   2 0   1 1   1 1   
Case- 195 4
0 1   2 1   1 1   1 1   
Case- 196 4
0 1   0 1   1 1   1 1   
Case- 197 5
0 1   2 1   0 0   1 1   1 1   
Case- 198 5
1 0   0 0   2 0   1 0   2 0   
Case- 199 5
0 1   2 0   1 1   2 1   1 1   
Case- 200 5
0 0   1 0   0 1   1 0   2 1   
Case- 201 5
0 1   1 1   2 1   0 1   1 1   
Case- 202 4
1 0   0 0   2 0   1 0   
Case- 203 5
0 1   0 1   1 1   0 0   1 1   
Case- 204 5
2 1   1 0   0 0   1 0   2 1   
Case- 205 6
0 1   1 1   0 1   1 1   0 1   2 0   
Case- 206 4
1 0   0 0   1 0   2 1   
Case- 207 5
0 0   1 1   2 1   1 1   0 1   
Case- 208 3
1 0   0 0   1 0   
Case- 209 4
1 0   0 0   1 0   1 0   
Case- 210 4
1 0   2 0   0 0   1 0   
Case- 211 5
0 1   0 1   2 1   2 1   2 1   
Case- 212 4
0 1   0 1   2 0   2 0   
Case- 213 5
0 1   1 1   0 1   2 1   2 1   
Case- 214 6
0 1   2 1   2 1   0 1   2 1   2 1   
Case- 215 5
0 0   1 0   2 0   2 0   0 0   
Case- 216 4
0 0   0 0   2 1   2 1   
Case- 217 6
2 1   0 0   0 0   2 1   0 1   2 1   
Case- 218 6
0 0   1 1   0 0   2 1   0 1   2 1   
Case- 219 3
0 0   2 0   0 0   
Case- 220 5
0 0   0 0   1 0   2 1   1 1   
Case- 221 5
0 1   1 1   0 1   2 0   2 0   
Case- 222 5
0 0   0 0   2 1   2 1   1 1   
Case- 223 6
0 1   2 0   2 0   1 1   0 1   2 0   
Case- 224 5
0 1   2 0   1 1   0 1   2 0   
Case- 225 4
0 1   2 0   1 1   0 1   
Case- 226 5
0 1   1 1   1 1   0 1   2 1   
Case- 227 6
0 0   0 0   2 1   0 1   2 1   1 1   
Case- 228 4
0 0   2 0   0 0   1 1   
Case- 229 4
0 0   2 1   0 0   1 1   
Case- 230 5
0 1   0 1   0 1   1 1   0 1   
Case- 231 4
2 0   0 0   2 0   0 0   
Case- 232 5
0 0   1 0   0 0   2 1   2 1   
Case- 233 6
0 1   2 1   1 1   2 1   0 1   2 1   
Case- 234 5
0 0   2 0   1 0   2 0   0 0   
Case- 235 5
0 1   2 0   1 1   0 1   2 1   
Case- 236 4
2 1   0 0   2 0   0 0   
Case- 237 5
0 0   0 0   2 1   0 1   2 1   
Case- 238 4
0 0   1 0   2 0   0 0   
Case- 239 5
0 0   0 0   2 1   2 1   0 1   
Case- 240 4
0 0   2 0   1 0   0 0   
Case- 241 5
2 0   0 0   2 0   0 0   1 1   
Case- 242 6
0 1   1 1   2 0   1 1   0 1   2 1   
Case- 243 5
0 1   2 1   2 1   1 1   0 1   
Case- 244 5
0 1   1 1   1 1   2 1   0 1   
Case- 245 5
2 0   0 0   2 1   0 0   1 1   
Case- 246 5
0 1   0 1   2 0   0 1   2 0   
Case- 247 4
0 0   2 1   0 0   2 1   
Case- 248 5
2 1   2 1   2 1   0 0   0 0   
Case- 249 4
2 0   2 0   0 0   0 0   
Case- 250 4
0 1   0 1   0 1   2 0   
Case- 251 4
0 0   0 0   1 1   2 1   
Case- 252 4
2 1   2 1   0 0   0 0   
Case- 253 5
0 1   0 1   2 0   0 1   0 1   
Case- 254 3
0 0   0 0   2 1   
Case- 255 2
0 0   0 0   
Case- 256 5
0 0   2 1   2 1   0 0   1 1   
Case- 257 4
2 0   0 0   0 0   1 1   
Case- 258 4
0 0   0 0   2 1   1 1   
Case- 259 3
0 0   0 0   1 1   
Case- 260 3
1 1   0 0   0 0   
Case- 261 5
1 0   2 0   2 0   0 0   0 0   
Case- 262 3
2 0   0 0   0 0   
Case- 263 3
2 1   0 0   0 0   
Case- 264 4
0 0   1 1   0 0   1 0   
Case- 265 3
0 0   1 0   0 0   
Case- 266 4
2 1   0 0   0 0   1 1   
Case- 267 6
0 1   0 1   1 0   1 0   2 0   2 0   
Case- 268 6
0 1   1 0   0 1   2 1   1 0   2 1   
Case- 269 7
0 1   1 1   2 0   2 0   1 1   0 1   2 0   
Case- 270 6
1 1   2 0   0 0   2 0   0 0   1 1   
Case- 271 5
0 1   1 1   1 1   0 1   2 0   
Case- 272 5
0 0   0 0   1 1   2 1   1 1   
Case- 273 6
0 0   2 1   0 0   1 1   2 1   1 1   
Case- 274 5
1 1   0 0   2 0   0 0   1 1   
Case- 275 5
1 1   0 0   2 1   0 0   1 1   
Case- 276 6
0 0   2 1   1 1   2 0   0 0   1 1   
Case- 277 6
0 1   1 1   2 0   1 1   0 1   2 0   
Case- 278 5
0 1   1 1   2 0   1 1   0 1   
Case- 279 5
0 0   2 1   1 1   0 0   1 1   
Case- 280 4
0 1   1 1   1 1   0 1   
Case- 281 5
0 0   2 1   0 0   1 1   1 1   
Case- 282 6
0 1   1 0   1 0   2 1   0 1   2 1   
Case- 283 5
1 1   0 1   1 1   0 1   2 0   
Case- 284 5
0 0   1 0   0 0   1 0   2 1   
Case- 285 5
0 1   1 1   2 1   1 1   0 1   
Case- 286 5
0 0   1 0   2 0   0 0   1 0   
Case- 287 4
1 1   0 1   1 1   0 1   
Case- 288 6
0 0   1 1   2 1   2 1   0 0   1 1   
Case- 289 5
1 1   2 0   0 0   0 0   1 1   
Case- 290 5
0 0   1 1   0 0   2 1   1 1   
Case- 291 5
0 1   1 1   1 1   0 1   0 1   
Case- 292 4
1 1   1 1   0 0   0 0   
Case- 293 4
0 0   1 1   0 0   1 1   
Case- 294 4
0 0   1 0   0 0   1 0   
Case- 295 5
0 1   1 1   2 0   0 1   2 0   
Case- 296 4
0 1   0 1   2 1   2 1   
Case- 297 6
0 1   1 1   2 1   2 1   0 1   2 1   
Case- 298 6
0 1   1 0   2 0   1 1   0 1   2 0   
Case- 299 5
0 1   0 1   0 1   2 0   0 0   
Case- 300 4
0 1   1 1   0 1   2 1   
Case- 301 6
1 0   0 0   0 0   2 1   0 1   2 1   
Case- 302 5
1 0   0 0   1 0   2 0   0 0   
Case- 303 5
1 1   0 0   0 0   1 0   2 1   
Case- 304 6
0 1   1 0   0 1   0 1   1 1   0 1   
Case- 305 5
2 0   0 1   1 1   0 1   2 0   
Case- 306 4
0 1   1 1   0 1   2 0   
Case- 307 6
0 1   0 1   0 1   2 1   0 0   1 1   
Case- 308 3
0 1   1 1   0 1   
Case- 309 5
1 1   0 0   2 0   0 0   1 0   
Case- 310 5
0 1   1 1   2 1   0 1   2 1   
Case- 311 5
1 1   0 1   1 0   0 1   2 0   
Case- 312 5
0 1   0 1   1 0   0 0   2 1   
Case- 313 4
0 1   1 1   2 1   0 1   
Case- 314 5
1 0   0 0   2 0   1 0   0 0   
Case- 315 4
0 1   2 1   1 1   0 1   
Case- 316 5
0 1   0 1   2 1   0 1   2 1   
Case- 317 4
1 0   2 0   0 0   0 0   
Case- 318 4
1 0   2 1   0 0   0 0   
Case- 319 5
0 1   0 1   2 0   0 1   2 1   
Case- 320 4
1 1   0 0   0 0   1 0   
Case- 321 4
0 1   1 1   0 1   0 1   
Case- 322 5
1 1   0 1   1 0   0 1   0 1   
Case- 323 6
0 1   1 0   0 1   2 0   1 0   2 0   
Case- 324 6
0 1   0 1   1 0   0 0   1 0   2 0   
Case- 325 6
0 1   1 1   0 1   0 1   2 1   1 1   
Case- 326 6
0 1   1 1   0 1   2 1   0 1   1 1   
Case- 327 6
1 0   0 0   0 0   1 0   2 1   0 1   
Case- 328 5
0 1   1 1   0 1   0 1   1 1   
Case- 329 5
0 1   0 1   1 0   0 0   1 0   
Case- 330 5
1 0   0 0   1 0   1 0   0 0   
Case- 331 4
1 0   2 1   2 1   2 1   
Case- 332 5
1 0   0 1   1 1   2 0   2 0   
Case- 333 4
2 0   1 0   2 0   2 0   
Case- 334 5
2 1   0 0   1 0   2 0   2 0   
Case- 335 4
0 0   1 0   2 0   2 0   
Case- 336 3
1 0   2 1   2 1   
Case- 337 5
2 0   2 0   1 0   2 0   2 0   
Case- 338 5
0 0   0 0   2 0   1 0   2 0   
Case- 339 4
2 1   1 0   2 0   2 0   
Case- 340 4
2 1   0 0   1 0   2 0   
Case- 341 5
1 1   1 1   1 1   2 0   2 0   
Case- 342 5
2 1   1 1   1 1   2 1   1 1   
Case- 343 7
1 1   2 1   1 1   0 0   1 1   2 0   2 0   
Case- 344 6
1 1   1 1   1 1   2 0   1 0   2 0   
Case- 345 5
1 0   0 1   2 0   1 1   1 1   
Case- 346 5
1 1   0 1   1 1   2 1   1 1   
Case- 347 6
2 1   0 1   1 1   1 1   2 1   1 1   
Case- 348 5
1 0   1 0   0 0   1 0   2 0   
Case- 349 4
1 1   1 1   2 1   1 1   
Case- 350 5
1 1   1 1   2 1   0 1   1 1   
Case- 351 3
1 0   2 0   2 0   
Case- 352 4
0 1   1 0   2 1   2 1   
Case- 353 5
0 0   2 0   2 0   1 0   2 0   
Case- 354 4
0 0   2 0   1 0   2 0   
Case- 355 4
0 0   2 0   2 0   1 0   
Case- 356 5
0 1   2 1   0 0   1 0   2 0   
Case- 357 5
0 1   2 1   0 0   1 0   2 1   
Case- 358 3
0 0   1 0   2 0   
Case- 359 4
0 1   2 1   0 0   1 0   
Case- 360 3
0 0   2 0   1 0   
Case- 361 6
2 1   1 1   0 1   1 1   2 1   1 1   
Case- 362 6
0 1   1 0   1 0   0 0   1 0   2 0   
Case- 363 5
0 1   1 1   1 1   2 1   1 1   
Case- 364 5
1 0   0 1   0 1   1 1   1 1   
Case- 365 5
0 1   1 0   1 0   0 0   1 0   
Case- 366 5
0 0   0 0   1 0   2 0   2 0   
Case- 367 4
0 0   1 0   2 1   2 1   
Case- 368 5
2 1   2 1   0 0   1 0   2 1   
Case- 369 6
0 1   0 1   0 1   2 0   1 0   2 0   
Case- 370 4
2 0   2 0   0 0   1 0   
Case- 371 5
0 0   2 1   0 0   1 0   2 0   
Case- 372 4
2 1   0 0   1 0   2 1   
Case- 373 4
0 0   0 0   1 0   2 0   
Case- 374 3
2 1   0 0   1 0   
Case- 375 4
0 0   0 0   2 0   1 0   
Case- 376 6
1 0   2 1   1 0   0 0   1 0   2 1   
Case- 377 5
1 1   1 1   2 0   0 0   1 1   
Case- 378 5
0 0   1 1   1 1   2 1   1 1   
Case- 379 5
1 0   1 0   0 0   1 0   1 0   
Case- 380 4
1 0   1 0   0 0   1 0   
Case- 381 5
1 0   2 0   1 0   2 0   0 0   
Case- 382 5
0 0   0 0   1 0   0 1   2 0   
Case- 383 3
0 0   1 0   2 1   
Case- 384 3
2 0   0 0   1 0   
Case- 385 2
0 0   1 0   
Case- 386 5
2 0   1 0   1 0   0 0   1 0   
Case- 387 5
1 1   1 1   2 0   1 1   2 0   
Case- 388 4
1 0   2 1   1 0   2 1   
Case- 389 5
1 0   2 0   2 0   1 0   2 0   
Case- 390 5
2 0   0 0   1 0   1 0   2 0   
Case- 391 4
1 1   2 0   1 1   1 1   
Case- 392 4
1 1   2 1   1 1   1 1   
Case- 393 5
0 0   1 0   2 0   1 0   2 0   
Case- 394 5
0 0   0 0   1 0   1 0   2 0   
Case- 395 3
1 0   1 0   2 1   
Case- 396 5
0 1   2 0   0 0   1 0   1 0   
Case- 397 5
1 1   2 0   2 0   1 1   1 1   
Case- 398 4
1 1   1 1   1 1   2 0   
Case- 399 4
1 0   2 1   1 0   1 0   
Case- 400 4
1 1   0 1   1 1   1 1   
Case- 401 3
1 1   1 1   1 1   
Case- 402 4
1 0   2 0   1 0   2 0   
Case- 403 4
0 0   1 0   1 0   2 0   
Case- 404 4
0 1   1 0   1 0   2 1   
Case- 405 5
0 0   2 1   1 0   1 0   2 0   
Case- 406 4
0 0   1 0   2 0   1 0   
Case- 407 4
0 1   1 1   1 1   1 1   
Case- 408 5
2 1   0 0   1 0   1 0   2 1   
Case- 409 5
1 1   1 1   1 1   2 0   0 0   
Case- 410 4
0 0   1 0   1 0   2 1   
Case- 411 4
2 0   0 0   1 0   1 0   
Case- 412 4
1 1   1 1   0 0   1 1   
Case- 413 4
0 0   1 1   1 1   1 1   
Case- 414 3
0 0   1 0   1 0   
Case- 415 4
0 1   1 0   2 0   2 0   
Case- 416 3
2 1   1 0   2 1   
Case- 417 4
2 0   2 0   1 0   2 0   
Case- 418 3
2 0   1 0   2 0   
Case- 419 3
2 0   2 0   1 0   
Case- 420 4
1 0   0 1   2 1   1 1   
Case- 421 5
1 0   2 1   0 1   1 1   2 1   
Case- 422 4
0 0   1 0   0 1   2 0   
Case- 423 2
1 0   2 1   
Case- 424 3
2 1   1 0   2 0   
Case- 425 6
1 1   2 0   0 0   1 0   1 0   2 0   
Case- 426 5
1 1   1 1   2 0   1 1   1 1   
Case- 427 5
1 1   1 1   2 1   1 1   1 1   
Case- 428 6
0 1   1 0   0 1   0 1   1 1   1 1   
Case- 429 5
1 0   1 0   0 0   2 0   1 0   
Case- 430 5
0 0   2 1   1 0   0 1   2 1   
Case- 431 2
1 0   2 0   
Case- 432 4
0 0   1 0   0 1   2 1   
Case- 433 2
2 0   1 0   
Case- 434 1
1 0   
Case- 435 5
1 1   2 1   1 0   1 0   2 0   
Case- 436 5
0 0   1 0   2 1   0 1   2 1   
Case- 437 4
1 0   1 0   2 0   0 0   
Case- 438 4
2 1   1 0   1 0   0 0   
Case- 439 4
1 1   0 0   1 0   1 0   
Case- 440 3
1 0   1 0   0 0   
Case- 441 5
1 1   2 0   0 0   1 0   1 0   
Case- 442 4
0 0   1 0   2 1   0 1   
Case- 443 4
2 1   2 1   1 0   1 0   
Case- 444 3
1 0   1 0   2 0   
Case- 445 3
2 1   1 0   1 0   
Case- 446 4
2 1   1 0   1 0   2 0   
Case- 447 2
1 0   1 0   
Case- 448 4
1 0   1 0   2 0   1 0   
Case- 449 3
1 0   2 0   1 0   
Case- 450 5
0 0   1 0   1 0   2 1   0 1   
Case- 451 5
0 1   1 0   2 0   0 1   2 0   
Case- 452 5
0 1   0 1   2 1   1 0   2 1   
Case- 453 6
0 1   0 1   2 0   2 0   1 0   2 0   
Case- 454 5
0 1   0 1   2 0   1 0   2 0   
Case- 455 5
0 1   0 1   2 0   2 0   1 0   
Case- 456 6
0 1   0 1   1 0   0 1   2 1   1 1   
Case- 457 6
0 0   1 0   2 0   1 0   2 0   0 0   
Case- 458 6
0 1   0 1   0 1   1 0   0 1   2 0   
Case- 459 4
0 0   0 0   1 0   2 1   
Case- 460 4
0 0   2 0   0 0   1 0   
Case- 461 7
0 1   1 0   2 1   1 0   0 1   1 0   2 1   
Case- 462 6
0 1   1 1   1 1   1 1   0 1   2 0   
Case- 463 6
0 1   1 0   1 0   0 1   1 0   2 1   
Case- 464 6
0 1   1 0   1 0   0 1   1 0   1 0   
Case- 465 6
0 0   2 0   1 0   1 0   0 0   1 0   
Case- 466 5
0 1   1 0   2 1   0 1   2 1   
Case- 467 5
0 0   1 0   1 0   2 0   0 0   
Case- 468 5
0 1   1 0   2 1   2 1   0 1   
Case- 469 4
1 0   0 1   1 1   0 1   
Case- 470 5
0 0   0 0   1 0   2 1   0 1   
Case- 471 6
0 1   1 1   1 1   2 1   1 1   0 1   
Case- 472 5
0 0   2 1   0 0   1 0   2 1   
Case- 473 5
0 1   0 1   0 1   1 0   2 0   
Case- 474 4
0 0   2 1   0 0   1 0   
Case- 475 5
0 1   0 1   0 1   2 0   1 0   
Case- 476 3
0 0   0 0   1 0   
Case- 477 5
0 0   1 0   1 0   0 0   1 0   
Case- 478 4
0 0   1 0   1 0   0 0   
Case- 479 6
0 1   0 1   2 1   2 1   1 0   1 0   
Case- 480 5
0 1   0 1   1 0   1 0   2 0   
Case- 481 5
0 1   0 1   2 1   1 0   1 0   
Case- 482 5
0 1   2 0   0 1   1 0   1 0   
Case- 483 4
0 0   0 0   1 0   1 0   
Case- 484 5
0 1   1 1   1 1   1 1   0 1   
Case- 485 5
0 1   1 0   1 0   2 1   0 1   
Case- 486 5
0 1   0 1   1 0   0 1   1 0   
Case- 487 5
2 1   0 1   0 1   1 0   2 1   
Case- 488 4
0 1   1 0   0 1   2 0   
Case- 489 4
0 1   0 1   1 0   2 1   
Case- 490 5
0 1   0 1   2 1   1 0   2 0   
Case- 491 5
1 1   0 0   0 0   1 0   1 0   
Case- 492 6
1 1   0 1   2 0   0 1   1 0   1 0   
Case- 493 5
0 1   0 1   1 0   1 0   0 0   
Case- 494 4
0 1   1 0   0 1   0 1   
Case- 495 4
0 1   0 1   1 0   1 0   
Case- 496 4
0 1   2 1   2 1   2 1   
Case- 497 3
0 1   2 0   2 0   
Case- 498 4
1 1   0 1   2 1   2 1   
Case- 499 5
2 1   2 1   0 1   2 1   2 1   
Case- 500 4
2 1   0 1   2 1   2 1   
Case- 501 5
0 1   1 0   0 0   2 1   2 1   
Case- 502 5
2 1   1 1   2 1   0 1   2 1   
Case- 503 5
0 1   2 0   1 0   2 0   0 0   
Case- 504 4
2 0   1 1   0 1   2 1   
Case- 505 4
2 0   0 1   2 1   2 1   
Case- 506 4
1 1   0 1   2 0   2 0   
Case- 507 5
1 1   1 1   0 1   2 1   2 1   
Case- 508 5
2 0   2 0   1 1   0 1   2 0   
Case- 509 4
2 0   1 1   0 1   2 0   
Case- 510 3
2 0   1 1   0 1   
Case- 511 4
1 1   1 1   0 1   2 1   
Case- 512 6
0 0   2 0   0 0   2 0   0 0   1 1   
Case- 513 5
1 1   2 0   1 1   0 1   2 1   
Case- 514 4
2 1   2 1   1 1   0 1   
Case- 515 4
1 1   1 1   2 1   0 1   
Case- 516 4
1 1   2 0   0 1   2 0   
Case- 517 3
0 1   2 1   2 1   
Case- 518 5
1 1   2 1   2 1   0 1   2 1   
Case- 519 5
1 0   2 0   1 1   0 1   2 0   
Case- 520 4
0 1   0 1   2 0   0 0   
Case- 521 3
1 1   0 1   2 1   
Case- 522 4
1 1   2 1   0 1   2 1   
Case- 523 5
0 1   0 1   2 0   0 0   0 0   
Case- 524 4
0 1   1 0   0 0   2 1   
Case- 525 3
1 1   2 1   0 1   
Case- 526 5
0 1   2 1   0 1   2 1   1 1   
Case- 527 3
1 1   0 1   2 0   
Case- 528 5
0 1   0 1   2 1   0 0   1 1   
Case- 529 2
1 1   0 1   
Case- 530 3
2 1   1 1   0 1   
Case- 531 5
2 0   0 0   0 0   2 0   0 0   
Case- 532 5
0 1   0 1   0 1   2 1   2 1   
Case- 533 7
0 1   0 1   1 1   2 1   2 1   0 1   2 1   
Case- 534 6
2 0   1 0   0 0   0 0   2 0   0 0   
Case- 535 4
0 0   0 0   2 0   0 0   
Case- 536 5
0 1   0 1   1 1   0 1   2 1   
Case- 537 6
0 1   0 1   0 1   2 1   0 1   2 1   
Case- 538 5
0 1   1 0   2 0   0 0   0 0   
Case- 539 5
0 1   1 0   2 1   0 0   0 0   
Case- 540 5
0 0   0 0   2 0   1 0   0 0   
Case- 541 6
0 1   2 0   0 1   1 1   0 1   2 0   
Case- 542 5
0 1   0 1   1 1   0 1   2 0   
Case- 543 5
0 0   0 0   2 1   0 0   1 1   
Case- 544 4
0 1   0 1   1 1   0 1   
Case- 545 5
0 1   0 1   1 1   0 1   0 1   
Case- 546 6
2 1   0 1   0 1   1 1   0 1   2 1   
Case- 547 5
1 0   0 0   0 0   2 0   0 0   
Case- 548 6
0 1   1 1   0 0   0 0   1 0   2 1   
Case- 549 5
1 0   0 1   0 1   1 1   0 1   
Case- 550 5
0 1   1 1   0 0   0 0   1 0   
Case- 551 5
2 1   0 1   0 1   1 1   0 1   
Case- 552 5
0 1   1 0   1 0   2 0   2 0   
Case- 553 5
1 0   0 1   2 1   1 0   2 1   
Case- 554 6
1 1   2 0   2 0   1 1   0 1   2 0   
Case- 555 6
1 1   0 1   2 1   0 1   2 1   1 1   
Case- 556 4
1 1   1 1   0 1   2 0   
Case- 557 6
0 1   0 1   0 1   1 1   2 1   1 1   
Case- 558 5
1 0   1 0   2 1   0 1   2 1   
Case- 559 6
0 0   1 1   0 1   1 1   0 1   2 0   
Case- 560 5
0 1   1 0   0 0   1 0   2 1   
Case- 561 4
1 1   2 1   1 1   0 1   
Case- 562 5
1 1   2 0   1 1   0 1   2 0   
Case- 563 4
1 1   2 0   1 1   0 1   
Case- 564 5
0 1   0 1   2 1   1 1   1 1   
Case- 565 3
1 1   1 1   0 1   
Case- 566 5
0 1   1 0   0 0   1 0   1 0   
Case- 567 5
1 0   0 1   2 0   1 0   2 0   
Case- 568 5
0 1   1 0   0 0   1 0   2 0   
Case- 569 5
1 1   0 1   0 1   2 1   1 1   
Case- 570 5
1 1   0 1   2 1   0 1   1 1   
Case- 571 4
0 1   1 0   0 0   1 0   
Case- 572 4
1 1   0 1   0 1   1 1   
Case- 573 7
0 1   0 1   1 0   0 1   2 0   1 0   2 0   
Case- 574 6
0 0   1 1   0 0   2 0   0 0   1 1   
Case- 575 6
0 0   1 1   0 0   2 1   0 0   1 1   
Case- 576 6
1 1   2 1   0 1   0 1   1 1   0 1   
Case- 577 6
0 1   1 0   0 0   1 0   1 0   0 0   
Case- 578 5
1 1   0 1   0 1   1 1   0 1   
Case- 579 6
1 1   0 1   0 1   2 1   1 1   0 1   
Case- 580 3
2 0   0 1   2 0   
Case- 581 4
1 0   0 1   2 1   2 1   
Case- 582 4
2 1   2 1   0 1   2 1   
Case- 583 5
0 1   2 0   1 0   0 0   2 0   
Case- 584 2
0 1   2 0   
Case- 585 4
0 1   0 1   1 1   2 1   
Case- 586 3
2 1   0 1   2 1   
Case- 587 4
0 1   1 0   2 0   0 0   
Case- 588 3
2 1   2 1   0 1   
Case- 589 3
2 0   0 1   2 1   
Case- 590 5
0 1   1 1   2 0   1 0   2 0   
Case- 591 4
2 0   0 1   0 1   1 1   
Case- 592 4
0 1   0 1   2 1   1 1   
Case- 593 3
0 1   0 1   1 1   
Case- 594 4
0 0   1 1   0 1   0 1   
Case- 595 5
0 1   2 1   0 1   1 1   2 1   
Case- 596 4
0 1   1 0   0 0   2 0   
Case- 597 2
0 1   2 1   
Case- 598 1
0 1   
Case- 599 2
2 1   0 1   
Case- 600 4
0 1   2 1   0 1   1 1   
Case- 601 6
0 1   0 1   1 1   2 1   0 1   2 1   
Case- 602 5
0 0   0 0   2 0   0 0   0 0   
Case- 603 5
0 0   0 0   2 1   0 0   0 0   
Case- 604 5
0 1   0 1   1 1   2 1   0 1   
Case- 605 6
0 1   1 1   0 1   1 0   0 1   0 1   
Case- 606 5
0 1   0 1   2 1   1 1   0 1   
Case- 607 5
0 0   2 1   0 1   2 1   0 1   
Case- 608 5
2 1   1 0   0 1   1 0   2 1   
Case- 609 4
1 0   1 0   0 1   2 0   
Case- 610 4
1 0   0 1   1 0   2 1   
Case- 611 5
0 0   1 1   1 1   0 1   0 1   
Case- 612 5
0 1   1 0   2 0   0 0   1 0   
Case- 613 4
1 0   0 1   1 0   1 0   
Case- 614 5
0 1   1 0   0 0   2 0   1 0   
Case- 615 6
0 1   0 1   0 1   1 0   0 0   1 0   
Case- 616 4
0 1   2 0   0 1   2 0   
Case- 617 5
0 1   1 0   0 1   2 1   2 1   
Case- 618 5
0 1   2 1   2 1   0 1   2 1   
Case- 619 5
0 0   2 0   2 0   0 0   0 0   
Case- 620 3
0 1   0 1   2 0   
Case- 621 5
0 1   0 1   0 1   1 1   2 1   
Case- 622 5
2 1   0 1   2 1   2 1   0 1   
Case- 623 4
0 0   2 0   0 0   0 0   
Case- 624 4
0 0   2 1   0 0   0 0   
Case- 625 5
0 0   0 0   1 1   0 0   1 0   
Case- 626 5
2 0   1 1   0 1   0 1   2 0   
Case- 627 4
1 1   0 1   0 1   2 0   
Case- 628 5
0 1   0 1   0 1   2 1   1 1   
Case- 629 4
0 1   0 1   0 1   1 1   
Case- 630 4
2 1   1 1   0 1   0 1   
Case- 631 4
0 1   2 1   0 1   2 1   
Case- 632 4
1 1   2 0   0 1   0 1   
Case- 633 4
0 1   2 1   2 1   0 1   
Case- 634 4
0 1   2 0   0 1   2 1   
Case- 635 5
1 1   2 1   0 1   2 1   0 1   
Case- 636 3
1 1   0 1   0 1   
Case- 637 5
0 1   2 1   0 1   0 1   2 1   
Case- 638 4
0 1   2 0   0 1   0 1   
Case- 639 4
0 1   0 1   0 1   2 1   
Case- 640 3
0 1   0 1   0 1   
Case- 641 4
0 0   0 0   1 0   0 0   
Case- 642 4
0 0   1 1   0 0   0 0   
Case- 643 4
1 0   0 1   0 1   0 1   
Case- 644 6
0 1   2 1   1 0   0 1   1 0   2 1   
Case- 645 5
0 1   1 0   1 0   0 1   2 0   
Case- 646 5
0 1   1 0   0 1   1 0   2 1   
Case- 647 4
1 1   1 1   0 1   0 1   
Case- 648 5
0 0   0 0   1 0   0 0   1 0   
Case- 649 5
0 1   1 0   0 1   1 0   1 0   
Case- 650 5
1 0   0 1   0 1   2 0   1 0   
Case- 651 5
0 1   1 0   1 0   0 1   0 1   
Case- 652 4
2 1   0 1   0 1   2 1   
Case- 653 3
2 0   0 1   0 1   
Case- 654 3
0 1   0 1   2 1   
Case- 655 2
0 1   0 1   
Case- 656 4
2 1   0 1   2 1   0 1   
Case- 657 5
0 1   0 1   2 1   0 1   1 1   
Case- 658 3
0 1   2 1   0 1   
Case- 659 4
0 1   0 1   2 1   0 1   
Case- 660 4
1 0   1 0   0 1   0 1   
Case- 661 4
1 0   2 0   0 1   2 0   
Case- 662 4
0 1   2 1   1 0   2 1   
Case- 663 5
0 1   2 0   2 0   1 0   2 0   
Case- 664 4
0 1   2 0   1 0   2 0   
Case- 665 4
0 1   2 0   2 0   1 0   
Case- 666 5
0 1   1 0   0 1   2 1   1 1   
Case- 667 4
1 0   2 1   0 1   2 1   
Case- 668 5
0 1   1 0   1 0   2 0   0 0   
Case- 669 4
1 0   2 1   2 1   0 1   
Case- 670 4
2 1   1 0   0 1   2 0   
Case- 671 6
1 0   2 1   1 0   0 1   1 0   2 1   
Case- 672 5
1 1   1 1   1 1   0 1   2 0   
Case- 673 5
1 0   1 0   0 1   1 0   2 1   
Case- 674 5
1 0   1 0   0 1   1 0   1 0   
Case- 675 5
1 1   1 1   2 1   1 1   0 1   
Case- 676 6
0 1   1 0   2 1   0 1   1 1   2 1   
Case- 677 3
1 0   0 1   2 0   
Case- 678 3
0 1   1 0   2 1   
Case- 679 4
0 1   2 1   1 0   2 0   
Case- 680 4
0 1   1 0   1 0   0 0   
Case- 681 6
0 1   1 0   1 0   0 0   2 0   1 0   
Case- 682 6
0 1   2 1   0 1   0 1   1 0   2 1   
Case- 683 5
0 1   0 1   1 0   0 1   2 0   
Case- 684 5
0 1   0 1   0 1   1 0   2 1   
Case- 685 5
0 0   0 0   2 0   0 0   1 0   
Case- 686 5
0 1   0 1   1 0   0 1   0 1   
Case- 687 7
0 1   1 1   0 1   2 0   0 1   1 0   1 0   
Case- 688 6
0 1   1 1   0 0   0 0   1 0   1 0   
Case- 689 5
0 1   2 1   2 1   1 0   1 0   
Case- 690 4
0 1   1 0   1 0   2 0   
Case- 691 4
0 1   2 1   1 0   1 0   
Case- 692 4
2 0   0 1   1 0   1 0   
Case- 693 4
1 0   1 0   2 1   0 1   
Case- 694 4
1 1   1 1   1 1   0 1   
Case- 695 3
0 1   1 0   1 0   
Case- 696 5
0 1   0 1   0 1   1 0   1 0   
Case- 697 4
2 1   1 0   0 1   2 1   
Case- 698 3
0 1   1 0   2 0   
Case- 699 3
1 0   0 1   2 1   
Case- 700 3
0 1   2 0   1 0   
Case- 701 3
1 0   2 1   0 1   
Case- 702 5
1 1   2 0   0 1   1 0   1 0   
Case- 703 2
0 1   1 0   
Case- 704 5
0 0   2 1   1 0   0 1   0 1   
Case- 705 3
1 0   0 1   1 0   
Case- 706 5
0 1   2 1   1 0   0 1   2 1   
Case- 707 4
0 1   0 1   1 0   2 0   
Case- 708 4
0 1   1 0   0 1   2 1   
Case- 709 4
0 1   0 1   2 0   1 0   
Case- 710 4
2 1   1 0   0 1   0 1   
Case- 711 5
1 1   1 1   1 1   0 1   0 1   
Case- 712 3
1 0   0 1   0 1   
Case- 713 4
0 1   0 1   0 1   1 0   
Case- 714 4
0 1   1 0   0 1   1 0   
Case- 715 3
0 1   0 1   1 0   
